figure,pdf_page,printed_page,specimen,species,hemisphere,scale_length_mm,scale_length_px,source_roi_file,label,area_px2,area_mm2,percent_of_drawn_neocortex,sensitivity_low_mm2,sensitivity_high_mm2,status,boundary_note,map_id,panel,view_type,extent,hemisphere_relation,linked_main_map,repeat_of,relationship_note,include_in_whole_hemisphere_summary,outline_scope,percent_of_drawn_outline,scale_note,scale_reference_map,specimen_link_status
1,4,168,not reported,Aotus trivirgatus,not assigned,,,../figures/fig01flat/rois.json,Drawn schematic outline,167054.0,,,,,uncalibrated schematic; pixels and proportions only,Schematic drawn tissue outline; not a measured experimental hemisphere.,fig01flat,flat,unscaled_schematic,schematic_outline,,,, Scaled species-level summary drawing; geometry is illustrative and does not supply an independent specimen measurement.,False,schematic_tissue,100.0,No scale line or length is printed for this illustration; pixel areas and schematic proportions only.,,unlinked_or_summary
1,4,168,not reported,Aotus trivirgatus,not assigned,,,../figures/fig01flat/rois.json,17,26078.111328125,,,,,uncalibrated schematic; pixels and proportions only,Manual contour follows the published anatomical boundary; dashed/dotted gaps interpolated.,fig01flat,flat,unscaled_schematic,complete,,,, Scaled species-level summary drawing; geometry is illustrative and does not supply an independent specimen measurement.,False,schematic_tissue,15.610587790849067,No scale line or length is printed for this illustration; pixel areas and schematic proportions only.,,unlinked_or_summary
1,4,168,not reported,Aotus trivirgatus,not assigned,,,../figures/fig01flat/rois.json,18,10834.0,,,,,uncalibrated schematic; pixels and proportions only,Manual contour follows the published anatomical boundary; dashed/dotted gaps interpolated.,fig01flat,flat,unscaled_schematic,complete,,,, Scaled species-level summary drawing; geometry is illustrative and does not supply an independent specimen measurement.,False,schematic_tissue,6.485328097501407,No scale line or length is printed for this illustration; pixel areas and schematic proportions only.,,unlinked_or_summary
1,4,168,not reported,Aotus trivirgatus,not assigned,,,../figures/fig01flat/rois.json,DM,3195.0,,,,,uncalibrated schematic; pixels and proportions only,Manual contour follows the published anatomical boundary; dashed/dotted gaps interpolated.,fig01flat,flat,unscaled_schematic,complete,,,, Scaled species-level summary drawing; geometry is illustrative and does not supply an independent specimen measurement.,False,schematic_tissue,1.912555221664851,No scale line or length is printed for this illustration; pixel areas and schematic proportions only.,,unlinked_or_summary
1,4,168,not reported,Aotus trivirgatus,not assigned,,,../figures/fig01flat/rois.json,DI,1580.666748046875,,,,,uncalibrated schematic; pixels and proportions only,Manual contour follows the published anatomical boundary; dashed/dotted gaps interpolated.,fig01flat,flat,unscaled_schematic,complete,,,, Scaled species-level summary drawing; geometry is illustrative and does not supply an independent specimen measurement.,False,schematic_tissue,0.9462010775239593,No scale line or length is printed for this illustration; pixel areas and schematic proportions only.,,unlinked_or_summary
1,4,168,not reported,Aotus trivirgatus,not assigned,,,../figures/fig01flat/rois.json,DL,4560.888671875,,,,,uncalibrated schematic; pixels and proportions only,Manual contour follows the published anatomical boundary; dashed/dotted gaps interpolated.,fig01flat,flat,unscaled_schematic,complete,,,, Scaled species-level summary drawing; geometry is illustrative and does not supply an independent specimen measurement.,False,schematic_tissue,2.7301882456421276,No scale line or length is printed for this illustration; pixel areas and schematic proportions only.,,unlinked_or_summary
1,4,168,not reported,Aotus trivirgatus,not assigned,,,../figures/fig01flat/rois.json,MT,1643.0,,,,,uncalibrated schematic; pixels and proportions only,Manual contour follows the published anatomical boundary; dashed/dotted gaps interpolated.,fig01flat,flat,unscaled_schematic,complete,,,, Scaled species-level summary drawing; geometry is illustrative and does not supply an independent specimen measurement.,False,schematic_tissue,0.9835143127371988,No scale line or length is printed for this illustration; pixel areas and schematic proportions only.,,unlinked_or_summary
1,4,168,not reported,Aotus trivirgatus,not assigned,,,../figures/fig01flat/rois.json,MST,1495.1109619140625,,,,,uncalibrated schematic; pixels and proportions only,Manual contour follows the published anatomical boundary; dashed/dotted gaps interpolated.,fig01flat,flat,unscaled_schematic,complete,,,, Scaled species-level summary drawing; geometry is illustrative and does not supply an independent specimen measurement.,False,schematic_tissue,0.8949866282244439,No scale line or length is printed for this illustration; pixel areas and schematic proportions only.,,unlinked_or_summary
1,4,168,not reported,Aotus trivirgatus,not assigned,,,../figures/fig01flat/rois.json,FST,2441.0,,,,,uncalibrated schematic; pixels and proportions only,Manual contour follows the published anatomical boundary; dashed/dotted gaps interpolated.,fig01flat,flat,unscaled_schematic,complete,,,, Scaled species-level summary drawing; geometry is illustrative and does not supply an independent specimen measurement.,False,schematic_tissue,1.4612041615286075,No scale line or length is printed for this illustration; pixel areas and schematic proportions only.,,unlinked_or_summary
1,4,168,not reported,Aotus trivirgatus,not assigned,,,../figures/fig01flat/rois.json,SI,7126.77734375,,,,,uncalibrated schematic; pixels and proportions only,Manual contour follows the published anatomical boundary; dashed/dotted gaps interpolated.,fig01flat,flat,unscaled_schematic,complete,,,, Scaled species-level summary drawing; geometry is illustrative and does not supply an independent specimen measurement.,False,schematic_tissue,4.266151869305734,No scale line or length is printed for this illustration; pixel areas and schematic proportions only.,,unlinked_or_summary
1,4,168,not reported,Aotus trivirgatus,not assigned,,,../figures/fig01flat/rois.json,AI,1858.0,,,,,uncalibrated schematic; pixels and proportions only,Manual contour follows the published anatomical boundary; dashed/dotted gaps interpolated.,fig01flat,flat,unscaled_schematic,complete,,,, Scaled species-level summary drawing; geometry is illustrative and does not supply an independent specimen measurement.,False,schematic_tissue,1.112215211847666,No scale line or length is printed for this illustration; pixel areas and schematic proportions only.,,unlinked_or_summary
2,5,169,not reported,Saimiri sciureus,not assigned,2,48.0,../figures/fig02A/rois.json,17,23999.666015625,41.66608683268229,,35.931200000000004,48.33270321361058,provisional image-derived estimate,Visible field fragment only. The anatomical border is traced and the contour closes along the image crop; its area depends on framing and is not the complete cortical area.,fig02A,A,histological_section,partial,not assigned,,,Specimen linkage to the main reconstructions is not established by the figure caption.,False,none,,Own panel scale bar.,,unlinked_or_summary
2,5,169,not reported,Saimiri sciureus,not assigned,2,48.0,../figures/fig02A/rois.json,18,48452.5546875,84.1190185546875,,73.9184,95.93005671077503,provisional image-derived estimate,Visible field fragment only. The anatomical border is traced and the contour closes along the image crop; its area depends on framing and is not the complete cortical area.,fig02A,A,histological_section,partial,not assigned,,,Specimen linkage to the main reconstructions is not established by the figure caption.,False,none,,Own panel scale bar.,,unlinked_or_summary
2,5,169,not reported,Saimiri sciureus,not assigned,2,48.0,../figures/fig02B/rois.json,17,31129.998046875,54.045135498046875,,47.187200000000004,62.61247637051039,provisional image-derived estimate,Visible field fragment only. The anatomical border is traced and the contour closes along the image crop; its area depends on framing and is not the complete cortical area.,fig02B,B,histological_section,partial,not assigned,,,Specimen linkage to the main reconstructions is not established by the figure caption.,False,none,,Own panel scale bar.,,unlinked_or_summary
2,5,169,not reported,Saimiri sciureus,not assigned,2,48.0,../figures/fig02B/rois.json,18,42680.4453125,74.09799533420139,,64.848,85.14177693761815,provisional image-derived estimate,Visible field fragment only. The anatomical border is traced and the contour closes along the image crop; its area depends on framing and is not the complete cortical area.,fig02B,B,histological_section,partial,not assigned,,,Specimen linkage to the main reconstructions is not established by the figure caption.,False,none,,Own panel scale bar.,,unlinked_or_summary
2,5,169,not reported,Callithrix jacchus,not assigned,2,37.0,../figures/fig02C/rois.json,MT,6220.33349609375,18.174823947680792,,15.061143984220905,21.97877551020408,provisional image-derived estimate,"Architectonic boundary dots interpolated manually; staining, injection punctures and overprinted labels remain inside the field. Specimen identity is not stated in the caption.",fig02C,C,histological_section,complete,not assigned,,,Specimen linkage to the main reconstructions is not established by the figure caption.,False,none,,Own panel scale bar.,,unlinked_or_summary
2,5,169,not reported,Callithrix jacchus,not assigned,2,37.0,../figures/fig02C/rois.json,17,,,,,,boundary not measurable,Field continues beyond the photograph or its second areal border is not marked clearly enough to close a defensible fragment.,fig02C,C,histological_section,unmeasured,not assigned,,,Specimen linkage to the main reconstructions is not established by the figure caption.,False,none,,Own panel scale bar.,,unlinked_or_summary
2,5,169,not reported,Callithrix jacchus,not assigned,2,37.0,../figures/fig02C/rois.json,18,,,,,,boundary not measurable,Field continues beyond the photograph or its second areal border is not marked clearly enough to close a defensible fragment.,fig02C,C,histological_section,unmeasured,not assigned,,,Specimen linkage to the main reconstructions is not established by the figure caption.,False,none,,Own panel scale bar.,,unlinked_or_summary
2,5,169,not reported,Callithrix jacchus,not assigned,2,37.0,../figures/fig02C/rois.json,DL,,,,,,boundary not measurable,Field continues beyond the photograph or its second areal border is not marked clearly enough to close a defensible fragment.,fig02C,C,histological_section,unmeasured,not assigned,,,Specimen linkage to the main reconstructions is not established by the figure caption.,False,none,,Own panel scale bar.,,unlinked_or_summary
2,5,169,not reported,Galago senegalensis,not assigned,2,45.0,../figures/fig02D/rois.json,MT,16292.0,32.18172839506173,,27.933001358080578,37.09031909140075,provisional image-derived estimate,"Architectonic boundary dots interpolated manually; staining, injection punctures and overprinted labels remain inside the field. Specimen identity is not stated in the caption.",fig02D,D,histological_section,complete,not assigned,,,Specimen linkage to the main reconstructions is not established by the figure caption.,False,none,,Own panel scale bar.,,unlinked_or_summary
2,5,169,not reported,Galago senegalensis,not assigned,2,45.0,../figures/fig02D/rois.json,17,,,,,,boundary not measurable,Unclosed or ambiguous second border in this cropped photograph; no full-field estimate.,fig02D,D,histological_section,unmeasured,not assigned,,,Specimen linkage to the main reconstructions is not established by the figure caption.,False,none,,Own panel scale bar.,,unlinked_or_summary
2,5,169,not reported,Galago senegalensis,not assigned,2,45.0,../figures/fig02D/rois.json,18,,,,,,boundary not measurable,Unclosed or ambiguous second border in this cropped photograph; no full-field estimate.,fig02D,D,histological_section,unmeasured,not assigned,,,Specimen linkage to the main reconstructions is not established by the figure caption.,False,none,,Own panel scale bar.,,unlinked_or_summary
2,5,169,not reported,Galago senegalensis,not assigned,2,45.0,../figures/fig02D/rois.json,DL,,,,,,boundary not measurable,Unclosed or ambiguous second border in this cropped photograph; no full-field estimate.,fig02D,D,histological_section,unmeasured,not assigned,,,Specimen linkage to the main reconstructions is not established by the figure caption.,False,none,,Own panel scale bar.,,unlinked_or_summary
2,5,169,not reported,Aotus trivirgatus,not assigned,2,54.0,../figures/fig02E/rois.json,MT,23939.333984375,32.83859257115912,,29.24362244897959,36.91568047337279,provisional image-derived estimate,"Architectonic boundary dots interpolated manually; staining, injection punctures and overprinted labels remain inside the field. Specimen identity is not stated in the caption.",fig02E,E,histological_section,complete,not assigned,,,Specimen linkage to the main reconstructions is not established by the figure caption.,False,none,,Own panel scale bar.,,unlinked_or_summary
2,5,169,not reported,Aotus trivirgatus,not assigned,2,54.0,../figures/fig02E/rois.json,17,,,,,,boundary not measurable,Unclosed or ambiguous second border in this cropped photograph; no full-field estimate.,fig02E,E,histological_section,unmeasured,not assigned,,,Specimen linkage to the main reconstructions is not established by the figure caption.,False,none,,Own panel scale bar.,,unlinked_or_summary
2,5,169,not reported,Aotus trivirgatus,not assigned,2,54.0,../figures/fig02E/rois.json,18,,,,,,boundary not measurable,Unclosed or ambiguous second border in this cropped photograph; no full-field estimate.,fig02E,E,histological_section,unmeasured,not assigned,,,Specimen linkage to the main reconstructions is not established by the figure caption.,False,none,,Own panel scale bar.,,unlinked_or_summary
2,5,169,not reported,Aotus trivirgatus,not assigned,2,54.0,../figures/fig02E/rois.json,DL,,,,,,boundary not measurable,Unclosed or ambiguous second border in this cropped photograph; no full-field estimate.,fig02E,E,histological_section,unmeasured,not assigned,,,Specimen linkage to the main reconstructions is not established by the figure caption.,False,none,,Own panel scale bar.,,unlinked_or_summary
4,7,171,not reported,Saimiri sciureus,not assigned,2,48.0,../figures/fig04A/rois.json,DM,8788.888671875,15.258487277560763,,12.48,18.525519848771264,provisional image-derived estimate,Upper end of DM is incompletely marked; conservative visible fragment with straight closure across the first visible boundary dots.,fig04A,A,histological_section,partial,not assigned,,,Specimen linkage to the main reconstructions is not established by the figure caption.,False,none,,Own panel scale bar.,,unlinked_or_summary
4,7,171,not reported,Saimiri sciureus,not assigned,2,48.0,../figures/fig04A/rois.json,DI,18478.888671875,32.08140394422743,,27.536,37.383742911153114,provisional image-derived estimate,"Visible DI fragment from boundary dots; upper closure inferred between visible endpoints, not a complete-field estimate.",fig04A,A,histological_section,partial,not assigned,,,Specimen linkage to the main reconstructions is not established by the figure caption.,False,none,,Own panel scale bar.,,unlinked_or_summary
4,7,171,not reported,Saimiri sciureus,not assigned,2,48.0,../figures/fig04A/rois.json,17,,,,,,boundary not measurable,Field runs outside the panel and the full visible limits are not marked consistently.,fig04A,A,histological_section,unmeasured,not assigned,,,Specimen linkage to the main reconstructions is not established by the figure caption.,False,none,,Own panel scale bar.,,unlinked_or_summary
4,7,171,not reported,Saimiri sciureus,not assigned,2,48.0,../figures/fig04A/rois.json,18,,,,,,boundary not measurable,Field runs outside the panel and the full visible limits are not marked consistently.,fig04A,A,histological_section,unmeasured,not assigned,,,Specimen linkage to the main reconstructions is not established by the figure caption.,False,none,,Own panel scale bar.,,unlinked_or_summary
4,7,171,not reported,Saimiri sciureus,not assigned,2,51.0,../figures/fig04B/rois.json,17,,,,,,boundary not measurable,DM and adjacent fields continue beyond the top/bottom of the panel; ambiguous second border and section tears prevent a defensible closed field ROI.,fig04B,B,histological_section,unmeasured,not assigned,,,Specimen linkage to the main reconstructions is not established by the figure caption.,False,none,,Own panel scale bar.,,unlinked_or_summary
4,7,171,not reported,Saimiri sciureus,not assigned,2,51.0,../figures/fig04B/rois.json,18,,,,,,boundary not measurable,DM and adjacent fields continue beyond the top/bottom of the panel; ambiguous second border and section tears prevent a defensible closed field ROI.,fig04B,B,histological_section,unmeasured,not assigned,,,Specimen linkage to the main reconstructions is not established by the figure caption.,False,none,,Own panel scale bar.,,unlinked_or_summary
4,7,171,not reported,Saimiri sciureus,not assigned,2,51.0,../figures/fig04B/rois.json,DM,,,,,,boundary not measurable,DM and adjacent fields continue beyond the top/bottom of the panel; ambiguous second border and section tears prevent a defensible closed field ROI.,fig04B,B,histological_section,unmeasured,not assigned,,,Specimen linkage to the main reconstructions is not established by the figure caption.,False,none,,Own panel scale bar.,,unlinked_or_summary
4,7,171,not reported,Aotus trivirgatus,not assigned,2,66.0,../figures/fig04C/rois.json,DM,18002.5546875,16.53127152203857,,14.778546712802768,18.494140625,provisional image-derived estimate,"Architectonic boundary dots interpolated manually; staining, injection punctures and overprinted labels remain inside the field. Specimen identity is not stated in the caption. Lower boundary near the lateral sulcus is faint; provisional closure.",fig04C,C,histological_section,complete,not assigned,,,Specimen linkage to the main reconstructions is not established by the figure caption.,False,none,,Own panel scale bar.,,unlinked_or_summary
4,7,171,not reported,Aotus trivirgatus,not assigned,2,66.0,../figures/fig04C/rois.json,DI,25735.5546875,23.63228162304867,,21.2621107266436,26.2734375,provisional image-derived estimate,"Architectonic boundary dots interpolated manually; staining, injection punctures and overprinted labels remain inside the field. Specimen identity is not stated in the caption. Faint boundary dots and sulcal interruption make this an approximate field outline.",fig04C,C,histological_section,complete,not assigned,,,Specimen linkage to the main reconstructions is not established by the figure caption.,False,none,,Own panel scale bar.,,unlinked_or_summary
4,7,171,not reported,Aotus trivirgatus,not assigned,2,66.0,../figures/fig04C/rois.json,18,,,,,,boundary not measurable,No complete boundary in the visible panel; open or cropped territory cannot be interpreted as a complete field.,fig04C,C,histological_section,unmeasured,not assigned,,,Specimen linkage to the main reconstructions is not established by the figure caption.,False,none,,Own panel scale bar.,,unlinked_or_summary
4,7,171,not reported,Callithrix jacchus,not assigned,2,87.0,../figures/fig04D/rois.json,DM,10358.6669921875,5.474259211091294,,4.7650549173084205,6.265467128027681,provisional image-derived estimate,"Architectonic boundary dots interpolated manually; staining, injection punctures and overprinted labels remain inside the field. Specimen identity is not stated in the caption. Inferior tip merges with the photograph edge; recorded as visible fragment.",fig04D,D,histological_section,partial,not assigned,,,Specimen linkage to the main reconstructions is not established by the figure caption.,False,none,,Own panel scale bar.,,unlinked_or_summary
4,7,171,not reported,Callithrix jacchus,not assigned,2,87.0,../figures/fig04D/rois.json,DI,17043.779296875,9.007149846413,,8.130791566721372,9.998615916955016,provisional image-derived estimate,"Architectonic boundary dots interpolated manually; staining, injection punctures and overprinted labels remain inside the field. Specimen identity is not stated in the caption. Inferior end is clipped by the photograph.",fig04D,D,histological_section,partial,not assigned,,,Specimen linkage to the main reconstructions is not established by the figure caption.,False,none,,Own panel scale bar.,,unlinked_or_summary
4,7,171,not reported,Callithrix jacchus,not assigned,2,87.0,../figures/fig04D/rois.json,17,,,,,,boundary not measurable,No complete boundary in the visible panel; open or cropped territory cannot be interpreted as a complete field.,fig04D,D,histological_section,unmeasured,not assigned,,,Specimen linkage to the main reconstructions is not established by the figure caption.,False,none,,Own panel scale bar.,,unlinked_or_summary
4,7,171,not reported,Callithrix jacchus,not assigned,2,87.0,../figures/fig04D/rois.json,18,,,,,,boundary not measurable,No complete boundary in the visible panel; open or cropped territory cannot be interpreted as a complete field.,fig04D,D,histological_section,unmeasured,not assigned,,,Specimen linkage to the main reconstructions is not established by the figure caption.,False,none,,Own panel scale bar.,,unlinked_or_summary
4,8,172,not reported,Callithrix jacchus,not assigned,2,55.0,../figures/fig04E/rois.json,MT,14286.8876953125,18.891752324380164,,16.556478916589718,21.564969740121036,provisional image-derived estimate,"Architectonic boundary dots interpolated manually; staining, injection punctures and overprinted labels remain inside the field. Specimen identity is not stated in the caption.",fig04E,E,histological_section,complete,not assigned,,,Specimen linkage to the main reconstructions is not established by the figure caption.,False,none,,Own panel scale bar.,,unlinked_or_summary
4,8,172,not reported,Callithrix jacchus,not assigned,2,55.0,../figures/fig04E/rois.json,DL,24424.443359375,32.29678460743801,,28.49861495844875,36.632253470986115,provisional image-derived estimate,Visible DL component from dots; upper end is not fully bounded and is closed at the first paired boundary marks.,fig04E,E,histological_section,partial,not assigned,,,Specimen linkage to the main reconstructions is not established by the figure caption.,False,none,,Own panel scale bar.,,unlinked_or_summary
4,8,172,not reported,Callithrix jacchus,not assigned,2,55.0,../figures/fig04E/rois.json,FST,10672.8896484375,14.11291193181818,,12.098491843644197,16.397294410822354,provisional image-derived estimate,FST visible fragment; inferior closure joins the last visible boundary dots.,fig04E,E,histological_section,partial,not assigned,,,Specimen linkage to the main reconstructions is not established by the figure caption.,False,none,,Own panel scale bar.,,unlinked_or_summary
4,8,172,not reported,Callithrix jacchus,not assigned,2,55.0,../figures/fig04E/rois.json,17,,,,,,boundary not measurable,No complete boundary in the visible panel; open or cropped territory cannot be interpreted as a complete field.,fig04E,E,histological_section,unmeasured,not assigned,,,Specimen linkage to the main reconstructions is not established by the figure caption.,False,none,,Own panel scale bar.,,unlinked_or_summary
4,8,172,not reported,Callithrix jacchus,not assigned,2,55.0,../figures/fig04E/rois.json,18,,,,,,boundary not measurable,No complete boundary in the visible panel; open or cropped territory cannot be interpreted as a complete field.,fig04E,E,histological_section,unmeasured,not assigned,,,Specimen linkage to the main reconstructions is not established by the figure caption.,False,none,,Own panel scale bar.,,unlinked_or_summary
4,8,172,not reported,Aotus trivirgatus,not assigned,2,40.0,../figures/fig04F/rois.json,MT,15697.888671875,39.24472167968751,,33.79818594104308,45.81440443213296,provisional image-derived estimate,"Architectonic boundary dots interpolated manually; staining, injection punctures and overprinted labels remain inside the field. Specimen identity is not stated in the caption.",fig04F,F,histological_section,complete,not assigned,,,Specimen linkage to the main reconstructions is not established by the figure caption.,False,none,,Own panel scale bar.,,unlinked_or_summary
4,8,172,not reported,Aotus trivirgatus,not assigned,2,40.0,../figures/fig04F/rois.json,FST,28400.22265625,71.000556640625,,61.335600907029466,82.5124653739612,provisional image-derived estimate,"Architectonic boundary dots interpolated manually; staining, injection punctures and overprinted labels remain inside the field. Specimen identity is not stated in the caption. Opened superior temporal sulcus is tissue inside this ROI, not a hole.",fig04F,F,histological_section,complete,not assigned,,,Specimen linkage to the main reconstructions is not established by the figure caption.,False,none,,Own panel scale bar.,,unlinked_or_summary
4,8,172,not reported,Aotus trivirgatus,not assigned,2,40.0,../figures/fig04F/rois.json,DL,,,,,,boundary not measurable,No complete boundary in the visible panel; open or cropped territory cannot be interpreted as a complete field.,fig04F,F,histological_section,unmeasured,not assigned,,,Specimen linkage to the main reconstructions is not established by the figure caption.,False,none,,Own panel scale bar.,,unlinked_or_summary
4,8,172,not reported,Callithrix jacchus,not assigned,2,38.0,../figures/fig04G/rois.json,DM,4708.0,13.041551246537393,,10.265000000000002,16.41358024691358,provisional image-derived estimate,"Closed DM wedge between the two inner chains of boundary dots. The outermost left dot chain belongs to the 17/18 border, not DM; faint dots are interpolated.",fig04G,G,histological_section,complete,not assigned,,,Specimen linkage to the main reconstructions is not established by the figure caption.,False,none,,Own panel scale bar.,,unlinked_or_summary
4,8,172,not reported,Callithrix jacchus,not assigned,2,38.0,../figures/fig04G/rois.json,DI,7767.55517578125,21.516773340114263,,17.530000000000005,26.373456790123456,provisional image-derived estimate,DI wedge from outer boundary dots and the shared DM border; narrow section artifacts are not subtracted.,fig04G,G,histological_section,complete,not assigned,,,Specimen linkage to the main reconstructions is not established by the figure caption.,False,none,,Own panel scale bar.,,unlinked_or_summary
4,8,172,not reported,Callithrix jacchus,not assigned,2,38.0,../figures/fig04G/rois.json,MT,8521.77734375,23.60603142313019,,19.825000000000003,28.17901234567901,provisional image-derived estimate,"Architectonic boundary dots interpolated manually; staining, injection punctures and overprinted labels remain inside the field. Specimen identity is not stated in the caption.",fig04G,G,histological_section,complete,not assigned,,,Specimen linkage to the main reconstructions is not established by the figure caption.,False,none,,Own panel scale bar.,,unlinked_or_summary
4,8,172,not reported,Callithrix jacchus,not assigned,2,38.0,../figures/fig04G/rois.json,MST,5282.77783203125,14.633733606734761,,11.640000000000002,18.290123456790123,provisional image-derived estimate,"Architectonic boundary dots interpolated manually; staining, injection punctures and overprinted labels remain inside the field. Specimen identity is not stated in the caption.",fig04G,G,histological_section,complete,not assigned,,,Specimen linkage to the main reconstructions is not established by the figure caption.,False,none,,Own panel scale bar.,,unlinked_or_summary
4,8,172,not reported,Callithrix jacchus,not assigned,2,38.0,../figures/fig04G/rois.json,FST,6233.77783203125,17.268082637205676,,13.672500000000003,21.703703703703702,provisional image-derived estimate,Visible FST fragment; lower boundary is clipped by the image edge.,fig04G,G,histological_section,partial,not assigned,,,Specimen linkage to the main reconstructions is not established by the figure caption.,False,none,,Own panel scale bar.,,unlinked_or_summary
4,8,172,not reported,Callithrix jacchus,not assigned,2,38.0,../figures/fig04G/rois.json,17,,,,,,boundary not measurable,No complete boundary in the visible panel; open or cropped territory cannot be interpreted as a complete field.,fig04G,G,histological_section,unmeasured,not assigned,,,Specimen linkage to the main reconstructions is not established by the figure caption.,False,none,,Own panel scale bar.,,unlinked_or_summary
4,8,172,not reported,Callithrix jacchus,not assigned,2,38.0,../figures/fig04G/rois.json,18,,,,,,boundary not measurable,No complete boundary in the visible panel; open or cropped territory cannot be interpreted as a complete field.,fig04G,G,histological_section,unmeasured,not assigned,,,Specimen linkage to the main reconstructions is not established by the figure caption.,False,none,,Own panel scale bar.,,unlinked_or_summary
4,8,172,not reported,Callithrix jacchus,not assigned,2,38.0,../figures/fig04G/rois.json,DL,,,,,,boundary not measurable,No complete boundary in the visible panel; open or cropped territory cannot be interpreted as a complete field.,fig04G,G,histological_section,unmeasured,not assigned,,,Specimen linkage to the main reconstructions is not established by the figure caption.,False,none,,Own panel scale bar.,,unlinked_or_summary
4,8,172,not reported,Galago senegalensis,not assigned,2,46.0,../figures/fig04H/rois.json,MT,15187.0,28.708884688090734,,25.03125,33.03512396694215,provisional image-derived estimate,"Architectonic boundary dots interpolated manually; staining, injection punctures and overprinted labels remain inside the field. Specimen identity is not stated in the caption. Dots around the upper MT margin are faint; interpolated against the myelin border.",fig04H,H,histological_section,complete,not assigned,,,Specimen linkage to the main reconstructions is not established by the figure caption.,False,none,,Own panel scale bar.,,unlinked_or_summary
4,8,172,not reported,Galago senegalensis,not assigned,2,46.0,../figures/fig04H/rois.json,AI,7397.888671875,13.984666676512287,,11.72048611111111,16.679752066115704,provisional image-derived estimate,"Architectonic boundary dots interpolated manually; staining, injection punctures and overprinted labels remain inside the field. Specimen identity is not stated in the caption.",fig04H,H,histological_section,complete,not assigned,,,Specimen linkage to the main reconstructions is not established by the figure caption.,False,none,,Own panel scale bar.,,unlinked_or_summary
4,8,172,not reported,Galago senegalensis,not assigned,2,46.0,../figures/fig04H/rois.json,17,,,,,,boundary not measurable,A complete separable field boundary is absent or too faint in this photograph.,fig04H,H,histological_section,unmeasured,not assigned,,,Specimen linkage to the main reconstructions is not established by the figure caption.,False,none,,Own panel scale bar.,,unlinked_or_summary
4,8,172,not reported,Galago senegalensis,not assigned,2,46.0,../figures/fig04H/rois.json,18,,,,,,boundary not measurable,A complete separable field boundary is absent or too faint in this photograph.,fig04H,H,histological_section,unmeasured,not assigned,,,Specimen linkage to the main reconstructions is not established by the figure caption.,False,none,,Own panel scale bar.,,unlinked_or_summary
4,8,172,not reported,Galago senegalensis,not assigned,2,46.0,../figures/fig04H/rois.json,DL,,,,,,boundary not measurable,A complete separable field boundary is absent or too faint in this photograph.,fig04H,H,histological_section,unmeasured,not assigned,,,Specimen linkage to the main reconstructions is not established by the figure caption.,False,none,,Own panel scale bar.,,unlinked_or_summary
4,8,172,not reported,Galago senegalensis,not assigned,2,46.0,../figures/fig04H/rois.json,FST,,,,,,boundary not measurable,A complete separable field boundary is absent or too faint in this photograph.,fig04H,H,histological_section,unmeasured,not assigned,,,Specimen linkage to the main reconstructions is not established by the figure caption.,False,none,,Own panel scale bar.,,unlinked_or_summary
4,8,172,not reported,Galago senegalensis,not assigned,2,46.0,../figures/fig04H/rois.json,SI,,,,,,boundary not measurable,A complete separable field boundary is absent or too faint in this photograph.,fig04H,H,histological_section,unmeasured,not assigned,,,Specimen linkage to the main reconstructions is not established by the figure caption.,False,none,,Own panel scale bar.,,unlinked_or_summary
6,12,176,not reported,Saimiri sciureus,not assigned,2,42.0,../figures/fig06A/rois.json,DM,12630.22265625,28.6399606717687,,24.09504132231405,34.04750000000001,provisional image-derived estimate,"Visible DM segment between solid white anatomical boundaries, clipped at top of photograph.",fig06A,A,histological_section,partial,not assigned,,,Specimen linkage to the main reconstructions is not established by the figure caption.,False,none,,Own panel scale bar.,,unlinked_or_summary
6,12,176,not reported,Saimiri sciureus,not assigned,2,42.0,../figures/fig06A/rois.json,DI,10012.7783203125,22.704712744472786,,18.433884297520663,27.917500000000004,provisional image-derived estimate,Visible DI segment between white boundaries; clipped at top.,fig06A,A,histological_section,partial,not assigned,,,Specimen linkage to the main reconstructions is not established by the figure caption.,False,none,,Own panel scale bar.,,unlinked_or_summary
6,12,176,not reported,Saimiri sciureus,not assigned,2,42.0,../figures/fig06A/rois.json,MT,18027.33203125,40.87830392573696,,35.43181818181818,47.31250000000001,provisional image-derived estimate,"MT boundary is interrupted/hidden by dense tracer at left and below; anatomical envelope is interpolated, not thresholded from tracer intensity.",fig06A,A,histological_section,approximate_complete,not assigned,,,Specimen linkage to the main reconstructions is not established by the figure caption.,False,none,,Own panel scale bar.,,unlinked_or_summary
6,12,176,not reported,Saimiri sciureus,not assigned,2,42.0,../figures/fig06A/rois.json,17,,,,,,boundary not measurable,Incomplete areal boundaries in the crop; bright tracer does not define field extent.,fig06A,A,histological_section,unmeasured,not assigned,,,Specimen linkage to the main reconstructions is not established by the figure caption.,False,none,,Own panel scale bar.,,unlinked_or_summary
6,12,176,not reported,Saimiri sciureus,not assigned,2,42.0,../figures/fig06A/rois.json,DL,,,,,,boundary not measurable,Incomplete areal boundaries in the crop; bright tracer does not define field extent.,fig06A,A,histological_section,unmeasured,not assigned,,,Specimen linkage to the main reconstructions is not established by the figure caption.,False,none,,Own panel scale bar.,,unlinked_or_summary
6,12,176,not reported,Saimiri sciureus,not assigned,2,42.0,../figures/fig06A/rois.json,MST,,,,,,boundary not measurable,Incomplete areal boundaries in the crop; bright tracer does not define field extent.,fig06A,A,histological_section,unmeasured,not assigned,,,Specimen linkage to the main reconstructions is not established by the figure caption.,False,none,,Own panel scale bar.,,unlinked_or_summary
6,12,176,not reported,Saimiri sciureus,not assigned,2,42.0,../figures/fig06A/rois.json,FST,,,,,,boundary not measurable,Incomplete areal boundaries in the crop; bright tracer does not define field extent.,fig06A,A,histological_section,unmeasured,not assigned,,,Specimen linkage to the main reconstructions is not established by the figure caption.,False,none,,Own panel scale bar.,,unlinked_or_summary
6,12,176,not reported,Aotus trivirgatus,not assigned,2,41.0,../figures/fig06B/rois.json,MT,13207.888671875,31.428646453004166,,26.96809085992428,36.728468113083494,provisional image-derived estimate,Manual contour follows the published anatomical boundary; dashed/dotted gaps interpolated.,fig06B,B,histological_section,complete,not assigned,,,Specimen linkage to the main reconstructions is not established by the figure caption.,False,none,,Own panel scale bar.,,unlinked_or_summary
6,12,176,not reported,Aotus trivirgatus,not assigned,2,41.0,../figures/fig06B/rois.json,17,60103.0,143.017251635931,,125.45592212006488,163.59763313609466,provisional image-derived estimate,Visible field fragment only. The anatomical border is traced and the contour closes along the image crop; its area depends on framing and is not the complete cortical area.,fig06B,B,histological_section,partial,not assigned,,,Specimen linkage to the main reconstructions is not established by the figure caption.,False,none,,Own panel scale bar.,,unlinked_or_summary
6,12,176,not reported,Aotus trivirgatus,not assigned,2,41.0,../figures/fig06B/rois.json,18,31324.666015625,74.53817017400357,,63.755543537047046,87.25575279421432,provisional image-derived estimate,Visible field fragment only. The anatomical border is traced and the contour closes along the image crop; its area depends on framing and is not the complete cortical area.,fig06B,B,histological_section,partial,not assigned,,,Specimen linkage to the main reconstructions is not established by the figure caption.,False,none,,Own panel scale bar.,,unlinked_or_summary
6,12,176,not reported,Aotus trivirgatus,not assigned,2,41.0,../figures/fig06B/rois.json,DM,3535.66650390625,8.41324569638608,,6.4315846403461325,10.637738330046021,provisional image-derived estimate,DM visible fragment; upper contour follows photograph edge.,fig06B,B,histological_section,partial,not assigned,,,Specimen linkage to the main reconstructions is not established by the figure caption.,False,none,,Own panel scale bar.,,unlinked_or_summary
6,12,176,not reported,Aotus trivirgatus,not assigned,2,41.0,../figures/fig06B/rois.json,DI,7296.99951171875,17.363472960663298,,14.23472147106544,21.107166337935567,provisional image-derived estimate,DI visible fragment bounded by white lines and the upper photograph edge.,fig06B,B,histological_section,partial,not assigned,,,Specimen linkage to the main reconstructions is not established by the figure caption.,False,none,,Own panel scale bar.,,unlinked_or_summary
6,12,176,not reported,Aotus trivirgatus,not assigned,2,41.0,../figures/fig06B/rois.json,DL,21657.5546875,51.53493084473528,,44.14277988101676,60.218277449046674,provisional image-derived estimate,Manual contour follows the published anatomical boundary; dashed/dotted gaps interpolated.,fig06B,B,histological_section,complete,not assigned,,,Specimen linkage to the main reconstructions is not established by the figure caption.,False,none,,Own panel scale bar.,,unlinked_or_summary
6,12,176,not reported,Aotus trivirgatus,not assigned,2,41.0,../figures/fig06B/rois.json,MST,12044.77734375,28.660981186793578,,24.31584640346133,33.811965811965806,provisional image-derived estimate,"MST visible portion; right side closes at photograph edge, not an anatomical boundary.",fig06B,B,histological_section,partial,not assigned,,,Specimen linkage to the main reconstructions is not established by the figure caption.,False,none,,Own panel scale bar.,,unlinked_or_summary
6,12,176,not reported,Aotus trivirgatus,not assigned,2,41.0,../figures/fig06B/rois.json,FST,11130.443359375,26.48529056365259,,22.195781503515413,31.605522682445756,provisional image-derived estimate,FST visible portion; right side closes at photograph edge.,fig06B,B,histological_section,partial,not assigned,,,Specimen linkage to the main reconstructions is not established by the figure caption.,False,none,,Own panel scale bar.,,unlinked_or_summary
6,12,176,not reported,Callithrix jacchus,not assigned,2,60.0,../figures/fig06C/rois.json,MT,9880.666015625,10.978517795138888,,9.60041623309053,12.543400713436384,provisional image-derived estimate,MT solid boundary is obscured by bright tracer at left; provisional anatomical envelope interpolated.,fig06C,C,histological_section,approximate_complete,not assigned,,,Specimen linkage to the main reconstructions is not established by the figure caption.,False,none,,Own panel scale bar.,,unlinked_or_summary
6,12,176,not reported,Callithrix jacchus,not assigned,2,60.0,../figures/fig06C/rois.json,DI,7115.77783203125,7.906419813368055,,6.7107180020811645,9.29013079667063,provisional image-derived estimate,"Outer DI line traced; interrupted DM/DI separator is extrapolated to the V2 border, so the complete envelope is approximate.",fig06C,C,histological_section,approximate_complete,not assigned,,,Specimen linkage to the main reconstructions is not established by the figure caption.,False,none,,Own panel scale bar.,,unlinked_or_summary
6,12,176,not reported,Callithrix jacchus,not assigned,2,60.0,../figures/fig06C/rois.json,DM,4631.33349609375,5.145926106770833,,4.1997918834547345,6.244946492271105,provisional image-derived estimate,Visible DM fragment clipped at top. The interrupted DM/DI line is extrapolated to the adjoining V2 border; low-confidence closure.,fig06C,C,histological_section,partial,not assigned,,,Specimen linkage to the main reconstructions is not established by the figure caption.,False,none,,Own panel scale bar.,,unlinked_or_summary
6,12,176,not reported,Callithrix jacchus,not assigned,2,60.0,../figures/fig06C/rois.json,17,,,,,,boundary not measurable,Open field boundaries or obscured border; no full-field area inferred from tracer.,fig06C,C,histological_section,unmeasured,not assigned,,,Specimen linkage to the main reconstructions is not established by the figure caption.,False,none,,Own panel scale bar.,,unlinked_or_summary
6,12,176,not reported,Callithrix jacchus,not assigned,2,60.0,../figures/fig06C/rois.json,18,,,,,,boundary not measurable,Open field boundaries or obscured border; no full-field area inferred from tracer.,fig06C,C,histological_section,unmeasured,not assigned,,,Specimen linkage to the main reconstructions is not established by the figure caption.,False,none,,Own panel scale bar.,,unlinked_or_summary
6,12,176,not reported,Callithrix jacchus,not assigned,2,60.0,../figures/fig06C/rois.json,DL,,,,,,boundary not measurable,Open field boundaries or obscured border; no full-field area inferred from tracer.,fig06C,C,histological_section,unmeasured,not assigned,,,Specimen linkage to the main reconstructions is not established by the figure caption.,False,none,,Own panel scale bar.,,unlinked_or_summary
6,12,176,not reported,Callithrix jacchus,not assigned,2,60.0,../figures/fig06C/rois.json,MST,,,,,,boundary not measurable,Open field boundaries or obscured border; no full-field area inferred from tracer.,fig06C,C,histological_section,unmeasured,not assigned,,,Specimen linkage to the main reconstructions is not established by the figure caption.,False,none,,Own panel scale bar.,,unlinked_or_summary
6,12,176,not reported,Callithrix jacchus,not assigned,2,60.0,../figures/fig06C/rois.json,FST,,,,,,boundary not measurable,Open field boundaries or obscured border; no full-field area inferred from tracer.,fig06C,C,histological_section,unmeasured,not assigned,,,Specimen linkage to the main reconstructions is not established by the figure caption.,False,none,,Own panel scale bar.,,unlinked_or_summary
6,12,176,not reported,Callithrix jacchus,not assigned,2,60.0,../figures/fig06C/rois.json,PP,,,,,,boundary not measurable,Open field boundaries or obscured border; no full-field area inferred from tracer.,fig06C,C,histological_section,unmeasured,not assigned,,,Specimen linkage to the main reconstructions is not established by the figure caption.,False,none,,Own panel scale bar.,,unlinked_or_summary
6,12,176,not reported,Galago senegalensis,not assigned,2,40.01249804748511,../figures/fig06D/rois.json,18,12098.556640625,30.227499414428486,,24.232741389342603,37.47949735788983,provisional image-derived estimate,Manual contour follows the published anatomical boundary; dashed/dotted gaps interpolated.,fig06D,D,histological_section,complete,not assigned,,,Specimen linkage to the main reconstructions is not established by the figure caption.,False,none,,Own panel scale bar.,,unlinked_or_summary
6,12,176,not reported,Galago senegalensis,not assigned,2,40.01249804748511,../figures/fig06D/rois.json,DM,2003.888916015625,5.006593169308245,,3.551174203413435,6.768400254083804,provisional image-derived estimate,Manual contour follows the published anatomical boundary; dashed/dotted gaps interpolated.,fig06D,D,histological_section,complete,not assigned,,,Specimen linkage to the main reconstructions is not established by the figure caption.,False,none,,Own panel scale bar.,,unlinked_or_summary
6,12,176,not reported,Galago senegalensis,not assigned,2,40.01249804748511,../figures/fig06D/rois.json,DI,3210.111083984375,8.020265044308246,,6.193592276916986,10.1512162501944,provisional image-derived estimate,Manual contour follows the published anatomical boundary; dashed/dotted gaps interpolated.,fig06D,D,histological_section,complete,not assigned,,,Specimen linkage to the main reconstructions is not established by the figure caption.,False,none,,Own panel scale bar.,,unlinked_or_summary
6,12,176,not reported,Galago senegalensis,not assigned,2,40.01249804748511,../figures/fig06D/rois.json,DL,6451.0,16.117426608369772,,13.16449964749754,19.621440082186506,provisional image-derived estimate,Manual contour follows the published anatomical boundary; dashed/dotted gaps interpolated.,fig06D,D,histological_section,complete,not assigned,,,Specimen linkage to the main reconstructions is not established by the figure caption.,False,none,,Own panel scale bar.,,unlinked_or_summary
6,12,176,not reported,Galago senegalensis,not assigned,2,40.01249804748511,../figures/fig06D/rois.json,MT,6513.11083984375,16.272606720409122,,13.556556531473623,19.557770059346453,provisional image-derived estimate,Manual contour follows the published anatomical boundary; dashed/dotted gaps interpolated.,fig06D,D,histological_section,complete,not assigned,,,Specimen linkage to the main reconstructions is not established by the figure caption.,False,none,,Own panel scale bar.,,unlinked_or_summary
6,12,176,not reported,Galago senegalensis,not assigned,2,40.01249804748511,../figures/fig06D/rois.json,MST,3506.0,8.75952529668957,,6.798674288602619,11.172704877497846,provisional image-derived estimate,Manual contour follows the published anatomical boundary; dashed/dotted gaps interpolated.,fig06D,D,histological_section,complete,not assigned,,,Specimen linkage to the main reconstructions is not established by the figure caption.,False,none,,Own panel scale bar.,,unlinked_or_summary
6,12,176,not reported,Galago senegalensis,not assigned,2,40.01249804748511,../figures/fig06D/rois.json,FST,5721.0,14.293566520924424,,11.598538336356068,17.56738978012917,provisional image-derived estimate,Manual contour follows the published anatomical boundary; dashed/dotted gaps interpolated.,fig06D,D,histological_section,complete,not assigned,,,Specimen linkage to the main reconstructions is not established by the figure caption.,False,none,,Own panel scale bar.,,unlinked_or_summary
6,12,176,not reported,Galago senegalensis,not assigned,2,40.01249804748511,../figures/fig06D/rois.json,17,,,,,,boundary not measurable,V1 extends outside the photograph; no complete boundary is visible.,fig06D,D,histological_section,unmeasured,not assigned,,,Specimen linkage to the main reconstructions is not established by the figure caption.,False,none,,Own panel scale bar.,,unlinked_or_summary
9,15,179,not reported,Aotus trivirgatus,not assigned,2,66.007575322837,../figures/fig09G/rois.json,18,59055.0,54.21620380996099,,48.922490288728284,60.152751453758164,provisional image-derived estimate,"Visible V2 strip between the two continuous borders. Open ends are closed by straight lines between border endpoints; these are fragment cutoffs, not anatomical limits of V2.",fig09G,G,partial_areal_strip,partial,injected hemisphere,,,"Dual MT/DL injection example; exact specimen ID not printed in this panel, so not linked to Figure 19 by inference.",False,none,,Own panel scale bar.,,unlinked_or_summary
9,15,179,not reported,Aotus trivirgatus,not assigned,2,66.007575322837,../figures/fig09G/rois.json,17,,,,,,boundary not measurable,Only the adjoining side of the 17/18 border is drawn; no second extent for area 17.,fig09G,G,partial_areal_strip,unmeasured,injected hemisphere,,,"Dual MT/DL injection example; exact specimen ID not printed in this panel, so not linked to Figure 19 by inference.",False,none,,Own panel scale bar.,,unlinked_or_summary
10,16,180,87-53,Callithrix jacchus,not assigned,1,171.0,../figures/fig10A/rois.json,17,10407.3330078125,0.3559157692217263,,0.31698352768218113,0.4040474773292252,provisional image-derived estimate,Visible V1 wedge bounded by the 17/18 junction and the interior image frame; frame lines excluded. Shared Figure 10B scale explicitly authorized by caption.,fig10A,A,histological_zoom,partial,injected hemisphere,fig20,,"Adjacent/registered sections of one V2 patch; panels A–F are repeat views, not independent fields.",False,none,,Borrowed only within Figure 10: caption explicitly states the bar in B applies to all six panels. No resizing between page crops.,fig10B,linked_existing_case
10,16,180,87-53,Callithrix jacchus,not assigned,1,171.0,../figures/fig10A/rois.json,18,111342.4453125,3.8077509425977216,,3.638778442313475,4.000875319491614,provisional image-derived estimate,"Visible V2 patch bounded partly by the interior image frame; this is a repeated depiction of a small tissue patch, not complete V2.",fig10A,A,histological_zoom,partial,injected hemisphere,fig20,,"Adjacent/registered sections of one V2 patch; panels A–F are repeat views, not independent fields.",False,none,,Borrowed only within Figure 10: caption explicitly states the bar in B applies to all six panels. No resizing between page crops.,fig10B,linked_existing_case
10,16,180,87-53,Callithrix jacchus,not assigned,1,171.0,../figures/fig10B/rois.json,17,9382.0,0.320850860093704,,0.28226803434795683,0.36829942929169146,provisional image-derived estimate,Visible V1 wedge bounded by the 17/18 junction and the interior image frame; frame lines excluded. Shared Figure 10B scale explicitly authorized by caption.,fig10B,B,histological_zoom,partial,injected hemisphere,fig20,fig10A:18,"Adjacent/registered sections of one V2 patch; panels A–F are repeat views, not independent fields.",False,none,,Borrowed only within Figure 10: caption explicitly states the bar in B applies to all six panels. No resizing between page crops.,fig10B,linked_existing_case
10,16,180,87-53,Callithrix jacchus,not assigned,1,171.0,../figures/fig10B/rois.json,18,108050.671875,3.6951770416538414,,3.5307895352333856,3.8860684149714646,provisional image-derived estimate,"Visible V2 patch bounded partly by the interior image frame; this is a repeated depiction of a small tissue patch, not complete V2.",fig10B,B,histological_zoom,partial,injected hemisphere,fig20,fig10A:18,"Adjacent/registered sections of one V2 patch; panels A–F are repeat views, not independent fields.",False,none,,Borrowed only within Figure 10: caption explicitly states the bar in B applies to all six panels. No resizing between page crops.,fig10B,linked_existing_case
10,16,180,87-53,Callithrix jacchus,not assigned,1,171.0,../figures/fig10C/rois.json,17,10896.6669921875,0.37265028529077315,,0.3219953890875071,0.42176394383950144,provisional image-derived estimate,Visible V1 wedge bounded by the 17/18 junction and the interior image frame; frame lines excluded. Shared Figure 10B scale explicitly authorized by caption.,fig10C,C,histological_zoom,partial,injected hemisphere,fig20,fig10A:18,"Adjacent/registered sections of one V2 patch; panels A–F are repeat views, not independent fields.",False,none,,Borrowed only within Figure 10: caption explicitly states the bar in B applies to all six panels. No resizing between page crops.,fig10B,linked_existing_case
10,16,180,87-53,Callithrix jacchus,not assigned,1,171.0,../figures/fig10C/rois.json,18,104502.671875,3.5738405620532805,,3.407731631527949,3.7552956829242676,provisional image-derived estimate,"Visible V2 patch bounded partly by the interior image frame; this is a repeated depiction of a small tissue patch, not complete V2.",fig10C,C,histological_zoom,partial,injected hemisphere,fig20,fig10A:18,"Adjacent/registered sections of one V2 patch; panels A–F are repeat views, not independent fields.",False,none,,Borrowed only within Figure 10: caption explicitly states the bar in B applies to all six panels. No resizing between page crops.,fig10B,linked_existing_case
10,16,180,87-53,Callithrix jacchus,not assigned,1,171.0,../figures/fig10D/rois.json,17,11505.4453125,0.39346962526931356,,0.346586922382973,0.4394453975701131,provisional image-derived estimate,Visible V1 wedge bounded by the 17/18 junction and the interior image frame; frame lines excluded. Shared Figure 10B scale explicitly authorized by caption.,fig10D,D,section_zoom_reconstruction,partial,injected hemisphere,fig20,fig10A:18,"Adjacent/registered sections of one V2 patch; panels A–F are repeat views, not independent fields.",False,none,,Borrowed only within Figure 10: caption explicitly states the bar in B applies to all six panels. No resizing between page crops.,fig10B,linked_existing_case
10,16,180,87-53,Callithrix jacchus,not assigned,1,171.0,../figures/fig10D/rois.json,18,110281.0,3.77145104476591,,3.5991513248020315,3.9590700605721088,provisional image-derived estimate,"Visible V2 patch bounded partly by the interior image frame; this is a repeated depiction of a small tissue patch, not complete V2.",fig10D,D,section_zoom_reconstruction,partial,injected hemisphere,fig20,fig10A:18,"Adjacent/registered sections of one V2 patch; panels A–F are repeat views, not independent fields.",False,none,,Borrowed only within Figure 10: caption explicitly states the bar in B applies to all six panels. No resizing between page crops.,fig10B,linked_existing_case
10,16,180,87-53,Callithrix jacchus,not assigned,1,171.0,../figures/fig10E/rois.json,17,11386.3330078125,0.38939615634938946,,0.33963714123425437,0.43468365953573057,provisional image-derived estimate,Visible V1 wedge bounded by the 17/18 junction and the interior image frame; frame lines excluded. Shared Figure 10B scale explicitly authorized by caption.,fig10E,E,section_zoom_reconstruction,partial,injected hemisphere,fig20,fig10A:18,"Adjacent/registered sections of one V2 patch; panels A–F are repeat views, not independent fields.",False,none,,Borrowed only within Figure 10: caption explicitly states the bar in B applies to all six panels. No resizing between page crops.,fig10B,linked_existing_case
10,16,180,87-53,Callithrix jacchus,not assigned,1,171.0,../figures/fig10E/rois.json,18,107918.4453125,3.6906550840429526,,3.5186608306324967,3.8716431497496586,provisional image-derived estimate,"Visible V2 patch bounded partly by the interior image frame; this is a repeated depiction of a small tissue patch, not complete V2.",fig10E,E,section_zoom_reconstruction,partial,injected hemisphere,fig20,fig10A:18,"Adjacent/registered sections of one V2 patch; panels A–F are repeat views, not independent fields.",False,none,,Borrowed only within Figure 10: caption explicitly states the bar in B applies to all six panels. No resizing between page crops.,fig10B,linked_existing_case
10,16,180,87-53,Callithrix jacchus,not assigned,1,171.0,../figures/fig10F/rois.json,17,9607.333984375,0.3285569571620327,,0.2877142570750777,0.3761773047162214,provisional image-derived estimate,Visible V1 wedge bounded by the 17/18 junction and the interior image frame; frame lines excluded. Shared Figure 10B scale explicitly authorized by caption.,fig10F,F,section_zoom_reconstruction,partial,injected hemisphere,fig20,fig10A:18,"Adjacent/registered sections of one V2 patch; panels A–F are repeat views, not independent fields.",False,none,,Borrowed only within Figure 10: caption explicitly states the bar in B applies to all six panels. No resizing between page crops.,fig10B,linked_existing_case
10,16,180,87-53,Callithrix jacchus,not assigned,1,171.0,../figures/fig10F/rois.json,18,107463.5546875,3.6750984811565943,,3.506532126031608,3.8606141241553167,provisional image-derived estimate,"Visible V2 patch bounded partly by the interior image frame; this is a repeated depiction of a small tissue patch, not complete V2.",fig10F,F,section_zoom_reconstruction,partial,injected hemisphere,fig20,fig10A:18,"Adjacent/registered sections of one V2 patch; panels A–F are repeat views, not independent fields.",False,none,,Borrowed only within Figure 10: caption explicitly states the bar in B applies to all six panels. No resizing between page crops.,fig10B,linked_existing_case
11,17,181,88-5,Galago senegalensis,not assigned,1,54.0,../figures/fig11A/rois.json,18,21664.443359375,7.4295073248885455,,6.599808673469387,8.37758875739645,provisional image-derived estimate,Visible strip of area 18. Open ends are closed by straight segments between the printed border endpoints. Not a whole-field estimate; endpoint closure is editable.,fig11A,A,partial_areal_strip,partial,injected hemisphere,fig22,,Panel D follows an injection into DL; panels A–C follow MT injections.,False,none,,Own panel scale bar.,,linked_existing_case
11,17,181,88-5,Galago senegalensis,not assigned,1,54.0,../figures/fig11A/rois.json,17,,,,,,boundary not measurable,Only the shared 17/18 junction is shown; no outer limit of area 17.,fig11A,A,partial_areal_strip,unmeasured,injected hemisphere,fig22,,Panel D follows an injection into DL; panels A–C follow MT injections.,False,none,,Own panel scale bar.,,linked_existing_case
11,17,181,88-11,Galago senegalensis,not assigned,1,58.0,../figures/fig11B/rois.json,18,25192.3359375,7.488803786414982,,6.639166666666667,8.443239795918366,provisional image-derived estimate,Visible strip of area 18. Open ends are closed by straight segments between the printed border endpoints. Not a whole-field estimate; endpoint closure is editable.,fig11B,B,partial_areal_strip,partial,injected hemisphere,fig24,,Panel D follows an injection into DL; panels A–C follow MT injections.,False,none,,Own panel scale bar.,,linked_existing_case
11,17,181,88-11,Galago senegalensis,not assigned,1,58.0,../figures/fig11B/rois.json,17,,,,,,boundary not measurable,Only the shared 17/18 junction is shown; no outer limit of area 17.,fig11B,B,partial_areal_strip,unmeasured,injected hemisphere,fig24,,Panel D follows an injection into DL; panels A–C follow MT injections.,False,none,,Own panel scale bar.,,linked_existing_case
11,17,181,88-10,Galago senegalensis,not assigned,1,54.0,../figures/fig11C/rois.json,18,24008.0,8.233196159122084,,7.243941326530612,9.369082840236688,provisional image-derived estimate,Visible strip of area 18. Open ends are closed by straight segments between the printed border endpoints. Not a whole-field estimate; endpoint closure is editable.,fig11C,C,partial_areal_strip,partial,injected hemisphere,fig23,,Panel D follows an injection into DL; panels A–C follow MT injections.,False,none,,Own panel scale bar.,,linked_existing_case
11,17,181,88-10,Galago senegalensis,not assigned,1,54.0,../figures/fig11C/rois.json,17,,,,,,boundary not measurable,Only the shared 17/18 junction is shown; no outer limit of area 17.,fig11C,C,partial_areal_strip,unmeasured,injected hemisphere,fig23,,Panel D follows an injection into DL; panels A–C follow MT injections.,False,none,,Own panel scale bar.,,linked_existing_case
11,17,181,87-62,Galago senegalensis,not assigned,1,39.0,../figures/fig11D/rois.json,18,11168.77734375,7.343048878205128,,6.094586555621654,8.875091307523741,provisional image-derived estimate,Visible strip of area 18. Open ends are closed by straight segments between the printed border endpoints. Not a whole-field estimate; endpoint closure is editable.,fig11D,D,partial_areal_strip,partial,injected hemisphere,,,Panel D follows an injection into DL; panels A–C follow MT injections.,False,none,,Own panel scale bar.,,additional_named_case_without_whole_map
11,17,181,87-62,Galago senegalensis,not assigned,1,39.0,../figures/fig11D/rois.json,17,,,,,,boundary not measurable,Only the shared 17/18 junction is shown; no outer limit of area 17.,fig11D,D,partial_areal_strip,unmeasured,injected hemisphere,,,Panel D follows an injection into DL; panels A–C follow MT injections.,False,none,,Own panel scale bar.,,additional_named_case_without_whole_map
12,18,182,87-35,Saimiri sciureus,not assigned,5,52.00253661281246,../figures/fig12/rois.json,Neocortex outline,316442,2925.3987567914664,100.0,2681.2981584016047,3200.79522463484,provisional image-derived estimate,"Total drawn tissue, repaired at documented small scan gaps if needed; no shrinkage correction.",fig12,,whole_hemisphere,complete,injected hemisphere,,,,True,whole_drawn_neocortex,100.0,Own figure scale bar.,,main_reconstructed_case
12,18,182,87-35,Saimiri sciureus,not assigned,5,52.00253661281246,../figures/fig12/rois.json,17,62677.109375,579.4285772587323,19.806823801834142,510.98594306418795,640.3450260560047,provisional image-derived estimate,Outer border follows tissue mask; V1/V2 interface crosses dense tracer.,fig12,,whole_hemisphere,complete,injected hemisphere,,,,True,whole_drawn_neocortex,19.806823801834142,Own figure scale bar.,,main_reconstructed_case
12,18,182,87-35,Saimiri sciureus,not assigned,5,52.00253661281246,../figures/fig12/rois.json,18,28101.224609375,259.78627216546283,8.880371319033188,221.16406370246756,304.49910336321284,provisional image-derived estimate,V1/V2 border partly obscured; both dorsal and ventral extents retained.,fig12,,whole_hemisphere,complete,injected hemisphere,,,,True,whole_drawn_neocortex,8.880371319033188,Own figure scale bar.,,main_reconstructed_case
12,18,182,87-35,Saimiri sciureus,not assigned,5,52.00253661281246,../figures/fig12/rois.json,DM,4130.4443359375,38.18455427960864,1.305276902540592,29.789725236097322,48.605068185353744,provisional image-derived estimate,Drawn border traced; provisional manual digitization.,fig12,,whole_hemisphere,complete,injected hemisphere,,,,True,whole_drawn_neocortex,1.305276902540592,Own figure scale bar.,,main_reconstructed_case
12,18,182,87-35,Saimiri sciureus,not assigned,5,52.00253661281246,../figures/fig12/rois.json,DI,2678.33349609375,24.760283021045243,0.8463900165255402,18.24245620213384,32.46670569797235,provisional image-derived estimate,Drawn border traced; provisional manual digitization.,fig12,,whole_hemisphere,complete,injected hemisphere,,,,True,whole_drawn_neocortex,0.8463900165255402,Own figure scale bar.,,main_reconstructed_case
12,18,182,87-35,Saimiri sciureus,not assigned,5,52.00253661281246,../figures/fig12/rois.json,DL,16469.888671875,152.25852397974032,5.204710080164769,131.9663396502107,175.65217708539583,provisional image-derived estimate,Lower border follows dashed approximate boundary; tracer obscures medial border.,fig12,,whole_hemisphere,complete,injected hemisphere,,,,True,whole_drawn_neocortex,5.204710080164769,Own figure scale bar.,,main_reconstructed_case
12,18,182,87-35,Saimiri sciureus,not assigned,5,52.00253661281246,../figures/fig12/rois.json,MT,3337.333251953125,30.852511822901178,1.0546429525641745,25.331982179184916,37.41620348685326,provisional image-derived estimate,Injection obscures internal tissue; field envelope includes black tracer.,fig12,,whole_hemisphere,complete,injected hemisphere,,,,True,whole_drawn_neocortex,1.0546429525641745,Own figure scale bar.,,main_reconstructed_case
12,18,182,87-35,Saimiri sciureus,not assigned,5,52.00253661281246,../figures/fig12/rois.json,MST,2588.5556640625,23.93031747218747,0.8180189937057976,18.945407991877723,29.986957310815853,provisional image-derived estimate,Dashed architectonic boundary interpolated between visible segments.,fig12,,whole_hemisphere,complete,injected hemisphere,,,,True,whole_drawn_neocortex,0.8180189937057976,Own figure scale bar.,,main_reconstructed_case
12,18,182,87-35,Saimiri sciureus,not assigned,5,52.00253661281246,../figures/fig12/rois.json,FST,9240.333984375,85.42374763852006,2.9200719197751877,73.20128454418274,99.59989388897523,provisional image-derived estimate,Lower shape traced separately from heavy dashed STS landmark.,fig12,,whole_hemisphere,complete,injected hemisphere,,,,True,whole_drawn_neocortex,2.9200719197751877,Own figure scale bar.,,main_reconstructed_case
12,18,182,87-35,Saimiri sciureus,not assigned,5,52.00253661281246,../figures/fig12/rois.json,3b,5228.4443359375,48.335191157636935,1.652259919965586,38.05369505698878,60.28388317002627,provisional image-derived estimate,Drawn border traced; provisional manual digitization.,fig12,,whole_hemisphere,complete,injected hemisphere,,,,True,whole_drawn_neocortex,1.652259919965586,Own figure scale bar.,,main_reconstructed_case
12,18,182,87-35,Saimiri sciureus,not assigned,5,52.00253661281246,../figures/fig12/rois.json,3a,3404.33349609375,31.471906311981986,1.0758159460797714,24.06323992452523,40.2759133204289,provisional image-derived estimate,Dorsal cap follows dashed boundary.,fig12,,whole_hemisphere,complete,injected hemisphere,,,,True,whole_drawn_neocortex,1.0758159460797714,Own figure scale bar.,,main_reconstructed_case
12,18,182,87-35,Saimiri sciureus,not assigned,5,52.00253661281246,../figures/fig12/rois.json,1,2552.666748046875,23.598536639381763,0.8066776053895738,17.230891431526796,31.146839620937442,provisional image-derived estimate,Dashed borders are approximate.,fig12,,whole_hemisphere,complete,injected hemisphere,,,,True,whole_drawn_neocortex,0.8066776053895738,Own figure scale bar.,,main_reconstructed_case
12,18,182,87-35,Saimiri sciureus,not assigned,5,52.00253661281246,../figures/fig12/rois.json,2,2094.4443359375,19.362426152408627,0.6618730560221147,14.204769702507413,25.53740879353908,provisional image-derived estimate,Dashed borders are approximate.,fig12,,whole_hemisphere,complete,injected hemisphere,,,,True,whole_drawn_neocortex,0.6618730560221147,Own figure scale bar.,,main_reconstructed_case
12,18,182,87-35,Saimiri sciureus,not assigned,5,52.00253661281246,../figures/fig12/rois.json,SII,1349.0,12.47104658329706,0.426302450370052,9.386978167921315,16.228353356270134,provisional image-derived estimate,Drawn border traced; provisional manual digitization.,fig12,,whole_hemisphere,complete,injected hemisphere,,,,True,whole_drawn_neocortex,0.426302450370052,Own figure scale bar.,,main_reconstructed_case
12,18,182,87-35,Saimiri sciureus,not assigned,5,52.00253661281246,../figures/fig12/rois.json,PV/IG,1292.333251953125,11.947181754077983,0.4083949829520497,8.91548611382481,15.67840915750559,provisional image-derived estimate,PV/IG is the compound label printed in this figure; not two independent fields.,fig12,,whole_hemisphere,complete,injected hemisphere,,,,True,whole_drawn_neocortex,0.4083949829520497,Own figure scale bar.,,main_reconstructed_case
12,18,182,87-35,Saimiri sciureus,not assigned,5,52.00253661281246,../figures/fig12/rois.json,FEF,1022.7777709960938,9.455232932878442,0.32321176423992193,6.995227566231774,12.498731790103307,provisional image-derived estimate,Lesion symbols interrupt boundary; small gaps interpolated.,fig12,,whole_hemisphere,complete,injected hemisphere,,,,True,whole_drawn_neocortex,0.32321176423992193,Own figure scale bar.,,main_reconstructed_case
12,18,182,87-35,Saimiri sciureus,not assigned,5,52.00253661281246,../figures/fig12/rois.json,FV,954.7777709960938,8.826596040614394,0.30172283419902973,6.489445180928251,11.698812955536695,provisional image-derived estimate,Boundary partly interrupted by label and tracer.,fig12,,whole_hemisphere,complete,injected hemisphere,,,,True,whole_drawn_neocortex,0.30172283419902973,Own figure scale bar.,,main_reconstructed_case
12,18,182,87-35,Saimiri sciureus,not assigned,5,52.00253661281246,../figures/fig12/rois.json,PP,,,,,,not measurable from complete field boundary,No complete field boundary in this figure.,fig12,,whole_hemisphere,unmeasured,injected hemisphere,,,,True,whole_drawn_neocortex,,Own figure scale bar.,,main_reconstructed_case
12,18,182,87-35,Saimiri sciureus,not assigned,5,52.00253661281246,../figures/fig12/rois.json,IT,,,,,,not measurable from complete field boundary,No complete field boundary in this figure.,fig12,,whole_hemisphere,unmeasured,injected hemisphere,,,,True,whole_drawn_neocortex,,Own figure scale bar.,,main_reconstructed_case
12,18,182,87-35,Saimiri sciureus,not assigned,5,52.00253661281246,../figures/fig12/rois.json,Motor,,,,,,not measurable from complete field boundary,No complete field boundary in this figure.,fig12,,whole_hemisphere,unmeasured,injected hemisphere,,,,True,whole_drawn_neocortex,,Own figure scale bar.,,main_reconstructed_case
12,18,182,87-35,Saimiri sciureus,not assigned,5,52.00253661281246,../figures/fig12/rois.json,Premotor,,,,,,not measurable from complete field boundary,No complete field boundary in this figure.,fig12,,whole_hemisphere,unmeasured,injected hemisphere,,,,True,whole_drawn_neocortex,,Own figure scale bar.,,main_reconstructed_case
12,18,182,87-35,Saimiri sciureus,not assigned,5,52.00253661281246,../figures/fig12/rois.json,frontal,,,,,,not measurable from complete field boundary,No complete field boundary in this figure.,fig12,,whole_hemisphere,unmeasured,injected hemisphere,,,,True,whole_drawn_neocortex,,Own figure scale bar.,,main_reconstructed_case
13,19,183,87-16,Saimiri sciureus,not assigned,5,48.001708095755305,../figures/fig13/rois.json,Neocortex outline,305984,3319.902605037024,100.0,3023.9833863434483,3657.018103930567,provisional image-derived estimate,"Total drawn tissue, repaired at documented small scan gaps if needed; no shrinkage correction.",fig13,,whole_hemisphere,complete,injected hemisphere,,,,True,whole_drawn_neocortex,100.0,Own figure scale bar.,,main_reconstructed_case
13,19,183,87-16,Saimiri sciureus,not assigned,5,48.001708095755305,../figures/fig13/rois.json,17,53470.109375,580.1465285952112,17.47480566794342,505.2154811536402,647.3999350527861,provisional image-derived estimate,Both calcarine portions included; outer edge clipped to tissue.,fig13,,whole_hemisphere,complete,injected hemisphere,,,,True,whole_drawn_neocortex,17.47480566794342,Own figure scale bar.,,main_reconstructed_case
13,19,183,87-16,Saimiri sciureus,not assigned,5,48.001708095755305,../figures/fig13/rois.json,18,25337.66796875,274.9117270674816,8.280716628565546,227.854431846571,328.88625532727207,provisional image-derived estimate,Dorsal and ventral V2 strip; cut at ventral junction retained as drawn.,fig13,,whole_hemisphere,complete,injected hemisphere,,,,True,whole_drawn_neocortex,8.280716628565546,Own figure scale bar.,,main_reconstructed_case
13,19,183,87-16,Saimiri sciureus,not assigned,5,48.001708095755305,../figures/fig13/rois.json,DM,3768.5556640625,40.88853589190325,1.2316185369373889,30.94788548580933,52.77254580074444,provisional image-derived estimate,Drawn border traced; provisional manual digitization.,fig13,,whole_hemisphere,complete,injected hemisphere,,,,True,whole_drawn_neocortex,1.2316185369373889,Own figure scale bar.,,main_reconstructed_case
13,19,183,87-16,Saimiri sciureus,not assigned,5,48.001708095755305,../figures/fig13/rois.json,DI,2479.888671875,26.906599240351188,0.8104635117767596,19.758649990293776,35.429788416483674,provisional image-derived estimate,Drawn border traced; provisional manual digitization.,fig13,,whole_hemisphere,complete,injected hemisphere,,,,True,whole_drawn_neocortex,0.8104635117767596,Own figure scale bar.,,main_reconstructed_case
13,19,183,87-16,Saimiri sciureus,not assigned,5,48.001708095755305,../figures/fig13/rois.json,DL,12684.22265625,137.62282942687858,4.145387554986535,117.59196552927875,160.71585249011133,provisional image-derived estimate,Shared borders interpolated through dense label.,fig13,,whole_hemisphere,complete,injected hemisphere,,,,True,whole_drawn_neocortex,4.145387554986535,Own figure scale bar.,,main_reconstructed_case
13,19,183,87-16,Saimiri sciureus,not assigned,5,48.001708095755305,../figures/fig13/rois.json,MT,5031.3330078125,54.58957187122687,1.6443124502629223,45.56688664259551,65.21254820239743,provisional image-derived estimate,"Field envelope, including injection site.",fig13,,whole_hemisphere,complete,injected hemisphere,,,,True,whole_drawn_neocortex,1.6443124502629223,Own figure scale bar.,,main_reconstructed_case
13,19,183,87-16,Saimiri sciureus,not assigned,5,48.001708095755305,../figures/fig13/rois.json,MST,3902.88916015625,42.34604387802466,1.275520667798398,34.117668910365566,52.00464441792636,provisional image-derived estimate,Dashed outer boundary.,fig13,,whole_hemisphere,complete,injected hemisphere,,,,True,whole_drawn_neocortex,1.275520667798398,Own figure scale bar.,,main_reconstructed_case
13,19,183,87-16,Saimiri sciureus,not assigned,5,48.001708095755305,../figures/fig13/rois.json,FST,9761.4443359375,105.91091194246368,3.1901812957336007,90.09384433833347,124.31732694453407,provisional image-derived estimate,Sulcus dashes are not the FST boundary.,fig13,,whole_hemisphere,complete,injected hemisphere,,,,True,whole_drawn_neocortex,3.1901812957336007,Own figure scale bar.,,main_reconstructed_case
13,19,183,87-16,Saimiri sciureus,not assigned,5,48.001708095755305,../figures/fig13/rois.json,3b,5481.4443359375,59.47324477830327,1.7914153471872711,46.66681149023333,74.58094507277808,provisional image-derived estimate,Drawn border traced; provisional manual digitization.,fig13,,whole_hemisphere,complete,injected hemisphere,,,,True,whole_drawn_neocortex,1.7914153471872711,Own figure scale bar.,,main_reconstructed_case
13,19,183,87-16,Saimiri sciureus,not assigned,5,48.001708095755305,../figures/fig13/rois.json,3a,4050.4443359375,43.94700606056645,1.3237438349513373,34.49764294864045,55.20620249090637,provisional image-derived estimate,Dashed rostral boundary.,fig13,,whole_hemisphere,complete,injected hemisphere,,,,True,whole_drawn_neocortex,1.3237438349513373,Own figure scale bar.,,main_reconstructed_case
13,19,183,87-16,Saimiri sciureus,not assigned,5,48.001708095755305,../figures/fig13/rois.json,1,2773.33349609375,30.090452763275458,0.9063655276399256,21.6885181320583,39.88361643682857,provisional image-derived estimate,Drawn border traced; provisional manual digitization.,fig13,,whole_hemisphere,complete,injected hemisphere,,,,True,whole_drawn_neocortex,0.9063655276399256,Own figure scale bar.,,main_reconstructed_case
13,19,183,87-16,Saimiri sciureus,not assigned,5,48.001708095755305,../figures/fig13/rois.json,2,2390.77783203125,25.9397535577851,0.781340799529142,18.808714894606574,34.68551476852153,provisional image-derived estimate,Dashed outer boundary.,fig13,,whole_hemisphere,complete,injected hemisphere,,,,True,whole_drawn_neocortex,0.781340799529142,Own figure scale bar.,,main_reconstructed_case
13,19,183,87-16,Saimiri sciureus,not assigned,5,48.001708095755305,../figures/fig13/rois.json,SII,1704.1112060546875,18.48947406483261,0.55692820737512,14.109036000154108,23.52141004908936,provisional image-derived estimate,Drawn border traced; provisional manual digitization.,fig13,,whole_hemisphere,complete,injected hemisphere,,,,True,whole_drawn_neocortex,0.55692820737512,Own figure scale bar.,,main_reconstructed_case
13,19,183,87-16,Saimiri sciureus,not assigned,5,48.001708095755305,../figures/fig13/rois.json,PV/IG,1320.111083984375,14.323102602286315,0.4314314094803568,10.459285369355916,18.866746282468966,provisional image-derived estimate,Compound PV/IG label retained.,fig13,,whole_hemisphere,complete,injected hemisphere,,,,True,whole_drawn_neocortex,0.4314314094803568,Own figure scale bar.,,main_reconstructed_case
13,19,183,87-16,Saimiri sciureus,not assigned,5,48.001708095755305,../figures/fig13/rois.json,FEF,1962.2222900390625,21.289959253955757,0.64128264551057,16.68885973370461,26.947431603200823,provisional image-derived estimate,Drawn border traced; provisional manual digitization.,fig13,,whole_hemisphere,complete,injected hemisphere,,,,True,whole_drawn_neocortex,0.64128264551057,Own figure scale bar.,,main_reconstructed_case
13,19,183,87-16,Saimiri sciureus,not assigned,5,48.001708095755305,../figures/fig13/rois.json,FV,2108.77783203125,22.880075487623127,0.6891791178725848,18.06876545165023,28.43597889912511,provisional image-derived estimate,Drawn border traced; provisional manual digitization.,fig13,,whole_hemisphere,complete,injected hemisphere,,,,True,whole_drawn_neocortex,0.6891791178725848,Own figure scale bar.,,main_reconstructed_case
13,19,183,87-16,Saimiri sciureus,not assigned,5,48.001708095755305,../figures/fig13/rois.json,Motor & Premotor,8079.0,87.6565217334701,2.640334135118176,73.52497640618934,104.03291657070865,provisional image-derived estimate,Combined region as labelled; long dashed perimeter requires interpolation.,fig13,,whole_hemisphere,complete,injected hemisphere,,,,True,whole_drawn_neocortex,2.640334135118176,Own figure scale bar.,,main_reconstructed_case
13,19,183,87-16,Saimiri sciureus,not assigned,5,48.001708095755305,../figures/fig13/rois.json,PP,,,,,,not measurable from complete field boundary,No complete field boundary in this figure.,fig13,,whole_hemisphere,unmeasured,injected hemisphere,,,,True,whole_drawn_neocortex,,Own figure scale bar.,,main_reconstructed_case
13,19,183,87-16,Saimiri sciureus,not assigned,5,48.001708095755305,../figures/fig13/rois.json,IT,,,,,,not measurable from complete field boundary,No complete field boundary in this figure.,fig13,,whole_hemisphere,unmeasured,injected hemisphere,,,,True,whole_drawn_neocortex,,Own figure scale bar.,,main_reconstructed_case
13,19,183,87-16,Saimiri sciureus,not assigned,5,48.001708095755305,../figures/fig13/rois.json,frontal,,,,,,not measurable from complete field boundary,No complete field boundary in this figure.,fig13,,whole_hemisphere,unmeasured,injected hemisphere,,,,True,whole_drawn_neocortex,,Own figure scale bar.,,main_reconstructed_case
14,20,184,86-23,Saimiri sciureus,not assigned,5,48.089791817867265,../figures/fig14/rois.json,Neocortex outline,284782,3078.55381958844,100.0,2799.396455998811,3396.721557550179,provisional image-derived estimate,"Total drawn tissue, repaired at documented small scan gaps if needed; no shrinkage correction.",fig14,,whole_hemisphere,complete,injected hemisphere,,,,True,whole_drawn_neocortex,100.0,Own figure scale bar.,,main_reconstructed_case
14,20,184,86-23,Saimiri sciureus,not assigned,5,48.089791817867265,../figures/fig14/rois.json,17,55258.3359375,597.3543312586181,19.403731955495783,523.0895465696951,664.4521291437436,provisional image-derived estimate,Includes both sides of the calcarine cut; outer border from tissue mask.,fig14,,whole_hemisphere,complete,injected hemisphere,,,,True,whole_drawn_neocortex,19.403731955495783,Own figure scale bar.,,main_reconstructed_case
14,20,184,86-23,Saimiri sciureus,not assigned,5,48.089791817867265,../figures/fig14/rois.json,18,22175.66796875,239.72367399316084,7.786892419025781,202.54188264324043,282.37950347464505,provisional image-derived estimate,Dense tracer at dorsal junction; estimated interface follows visible strip.,fig14,,whole_hemisphere,complete,injected hemisphere,,,,True,whole_drawn_neocortex,7.786892419025781,Own figure scale bar.,,main_reconstructed_case
14,20,184,86-23,Saimiri sciureus,not assigned,5,48.089791817867265,../figures/fig14/rois.json,DM,3707.888916015625,40.08306559055538,1.3020095778580194,29.932396096831518,52.10027764783919,provisional image-derived estimate,Drawn border traced; provisional manual digitization.,fig14,,whole_hemisphere,complete,injected hemisphere,,,,True,whole_drawn_neocortex,1.3020095778580194,Own figure scale bar.,,main_reconstructed_case
14,20,184,86-23,Saimiri sciureus,not assigned,5,48.089791817867265,../figures/fig14/rois.json,DI,3500.111083984375,37.83694315857018,1.2290492671532522,28.79647960048039,48.62849497196104,provisional image-derived estimate,Lateral border interrupted by tracer.,fig14,,whole_hemisphere,complete,injected hemisphere,,,,True,whole_drawn_neocortex,1.2290492671532522,Own figure scale bar.,,main_reconstructed_case
14,20,184,86-23,Saimiri sciureus,not assigned,5,48.089791817867265,../figures/fig14/rois.json,DL,11184.22265625,120.9038189826815,3.9272926857210075,103.57764894359642,141.1309079631551,provisional image-derived estimate,Dashed lower boundary; no boundary extended to IT.,fig14,,whole_hemisphere,complete,injected hemisphere,,,,True,whole_drawn_neocortex,3.9272926857210075,Own figure scale bar.,,main_reconstructed_case
14,20,184,86-23,Saimiri sciureus,not assigned,5,48.089791817867265,../figures/fig14/rois.json,MT,3773.22216796875,40.789331900738,1.3249510741439943,33.678927698831735,49.240470223302275,provisional image-derived estimate,Injection site included in field envelope.,fig14,,whole_hemisphere,complete,injected hemisphere,,,,True,whole_drawn_neocortex,1.3249510741439943,Own figure scale bar.,,main_reconstructed_case
14,20,184,86-23,Saimiri sciureus,not assigned,5,48.089791817867265,../figures/fig14/rois.json,MST,2270.5556640625,24.54518829205419,0.7972960594639057,19.111296842118126,31.057744005567567,provisional image-derived estimate,Dashed boundary.,fig14,,whole_hemisphere,complete,injected hemisphere,,,,True,whole_drawn_neocortex,0.7972960594639057,Own figure scale bar.,,main_reconstructed_case
14,20,184,86-23,Saimiri sciureus,not assigned,5,48.089791817867265,../figures/fig14/rois.json,FST,6955.88916015625,75.19463710007251,2.4425311853123617,62.9337595697696,89.51314926348878,provisional image-derived estimate,FST boundary distinguished from dashed STS.,fig14,,whole_hemisphere,complete,injected hemisphere,,,,True,whole_drawn_neocortex,2.4425311853123617,Own figure scale bar.,,main_reconstructed_case
14,20,184,86-23,Saimiri sciureus,not assigned,5,48.089791817867265,../figures/fig14/rois.json,3b,4919.5556640625,53.181440120083266,1.7274812537528705,41.381238678475796,66.88183371869665,provisional image-derived estimate,Drawn border traced; provisional manual digitization.,fig14,,whole_hemisphere,complete,injected hemisphere,,,,True,whole_drawn_neocortex,1.7274812537528705,Own figure scale bar.,,main_reconstructed_case
14,20,184,86-23,Saimiri sciureus,not assigned,5,48.089791817867265,../figures/fig14/rois.json,3a,4107.6669921875,44.40475138314987,1.4423899657237818,35.482444241283964,55.28961020771369,provisional image-derived estimate,Dashed rostral border.,fig14,,whole_hemisphere,complete,injected hemisphere,,,,True,whole_drawn_neocortex,1.4423899657237818,Own figure scale bar.,,main_reconstructed_case
14,20,184,86-23,Saimiri sciureus,not assigned,5,48.089791817867265,../figures/fig14/rois.json,1,2525.0,27.29578552879329,0.886643116489104,19.729075989256458,36.20068986780062,provisional image-derived estimate,Dashed caudal border.,fig14,,whole_hemisphere,complete,injected hemisphere,,,,True,whole_drawn_neocortex,0.886643116489104,Own figure scale bar.,,main_reconstructed_case
14,20,184,86-23,Saimiri sciureus,not assigned,5,48.089791817867265,../figures/fig14/rois.json,2,2082.77783203125,22.51527010188121,0.7313586645333097,16.440896657713715,29.81025599321813,provisional image-derived estimate,Dashed outer boundary.,fig14,,whole_hemisphere,complete,injected hemisphere,,,,True,whole_drawn_neocortex,0.7313586645333097,Own figure scale bar.,,main_reconstructed_case
14,20,184,86-23,Saimiri sciureus,not assigned,5,48.089791817867265,../figures/fig14/rois.json,SII,1891.33349609375,20.445716226850614,0.6641337921967505,15.912795128708368,25.961873162668454,provisional image-derived estimate,Entire outer boundary is dashed.,fig14,,whole_hemisphere,complete,injected hemisphere,,,,True,whole_drawn_neocortex,0.6641337921967505,Own figure scale bar.,,main_reconstructed_case
14,20,184,86-23,Saimiri sciureus,not assigned,5,48.089791817867265,../figures/fig14/rois.json,PV/IG,1525.111083984375,16.48677427961305,0.5355363344538542,12.574794898202855,21.383827532442695,provisional image-derived estimate,Dashed outline; compound printed label retained.,fig14,,whole_hemisphere,complete,injected hemisphere,,,,True,whole_drawn_neocortex,0.5355363344538542,Own figure scale bar.,,main_reconstructed_case
14,20,184,86-23,Saimiri sciureus,not assigned,5,48.089791817867265,../figures/fig14/rois.json,FEF,2217.77783203125,23.97464873411372,0.7787633460089648,19.151153561288343,29.822024748051618,provisional image-derived estimate,Dashed physiological field outline.,fig14,,whole_hemisphere,complete,injected hemisphere,,,,True,whole_drawn_neocortex,0.7787633460089648,Own figure scale bar.,,main_reconstructed_case
14,20,184,86-23,Saimiri sciureus,not assigned,5,48.089791817867265,../figures/fig14/rois.json,PP,,,,,,not measurable from complete field boundary,No complete separate perimeter for this labelled territory; no inferred closure across frontal cortex.,fig14,,whole_hemisphere,unmeasured,injected hemisphere,,,,True,whole_drawn_neocortex,,Own figure scale bar.,,main_reconstructed_case
14,20,184,86-23,Saimiri sciureus,not assigned,5,48.089791817867265,../figures/fig14/rois.json,IT,,,,,,not measurable from complete field boundary,No complete separate perimeter for this labelled territory; no inferred closure across frontal cortex.,fig14,,whole_hemisphere,unmeasured,injected hemisphere,,,,True,whole_drawn_neocortex,,Own figure scale bar.,,main_reconstructed_case
14,20,184,86-23,Saimiri sciureus,not assigned,5,48.089791817867265,../figures/fig14/rois.json,Motor & Premotor,,,,,,not measurable from complete field boundary,No complete separate perimeter for this labelled territory; no inferred closure across frontal cortex.,fig14,,whole_hemisphere,unmeasured,injected hemisphere,,,,True,whole_drawn_neocortex,,Own figure scale bar.,,main_reconstructed_case
15,21,185,87-15,Saimiri sciureus,not assigned,5,55.019778097047464,../figures/fig15/rois.json,Neocortex outline,357364,2951.298521648875,100.0,2718.1272289786903,3212.651651429692,provisional image-derived estimate,"Total drawn tissue, repaired at documented small scan gaps if needed; no shrinkage correction.",fig15,,whole_hemisphere,complete,injected hemisphere,,,,True,whole_drawn_neocortex,100.0,Own figure scale bar.,,main_reconstructed_case
15,21,185,87-15,Saimiri sciureus,not assigned,5,55.019778097047464,../figures/fig15/rois.json,17,73213.5546875,604.63576553284,20.487109694177366,534.7780932607151,663.9934825008198,provisional image-derived estimate,Split calcarine representation retained; outer edge clipped to tissue.,fig15,,whole_hemisphere,complete,injected hemisphere,,,,True,whole_drawn_neocortex,20.487109694177366,Own figure scale bar.,,main_reconstructed_case
15,21,185,87-15,Saimiri sciureus,not assigned,5,55.019778097047464,../figures/fig15/rois.json,18,23996.333984375,198.1742565369724,6.714815701742481,164.79789634157194,236.72254315725297,provisional image-derived estimate,Long dashed ventral border interpolated; uncertain central border under tracer.,fig15,,whole_hemisphere,complete,injected hemisphere,,,,True,whole_drawn_neocortex,6.714815701742481,Own figure scale bar.,,main_reconstructed_case
15,21,185,87-15,Saimiri sciureus,not assigned,5,55.019778097047464,../figures/fig15/rois.json,DM,4304.88916015625,35.55202262743703,1.2046230622436087,27.60472414456156,44.72453488383144,provisional image-derived estimate,Dorsal tip includes short shared solid boundary.,fig15,,whole_hemisphere,complete,injected hemisphere,,,,True,whole_drawn_neocortex,1.2046230622436087,Own figure scale bar.,,main_reconstructed_case
15,21,185,87-15,Saimiri sciureus,not assigned,5,55.019778097047464,../figures/fig15/rois.json,DI,3494.555419921875,28.859863457526483,0.9778700204614552,22.437488872933322,36.338128760257554,provisional image-derived estimate,Boundary partly obscured by transported label.,fig15,,whole_hemisphere,complete,injected hemisphere,,,,True,whole_drawn_neocortex,0.9778700204614552,Own figure scale bar.,,main_reconstructed_case
15,21,185,87-15,Saimiri sciureus,not assigned,5,55.019778097047464,../figures/fig15/rois.json,DL,12406.77734375,102.46164592134667,3.47174794991941,87.97371836711108,119.09941761071198,provisional image-derived estimate,Lower border follows dashed approximation.,fig15,,whole_hemisphere,complete,injected hemisphere,,,,True,whole_drawn_neocortex,3.47174794991941,Own figure scale bar.,,main_reconstructed_case
15,21,185,87-15,Saimiri sciureus,not assigned,5,55.019778097047464,../figures/fig15/rois.json,MT,4808.4443359375,39.71064421733373,1.3455312611056234,33.556271912776225,46.94786630577573,provisional image-derived estimate,Black injection included; visible envelope traced.,fig15,,whole_hemisphere,complete,injected hemisphere,,,,True,whole_drawn_neocortex,1.3455312611056234,Own figure scale bar.,,main_reconstructed_case
15,21,185,87-15,Saimiri sciureus,not assigned,5,55.019778097047464,../figures/fig15/rois.json,MST,3995.0,32.99279612380446,1.117907791495506,27.0895384850391,39.931032338119536,provisional image-derived estimate,Dashed outer border crosses tracer patches.,fig15,,whole_hemisphere,complete,injected hemisphere,,,,True,whole_drawn_neocortex,1.117907791495506,Own figure scale bar.,,main_reconstructed_case
15,21,185,87-15,Saimiri sciureus,not assigned,5,55.019778097047464,../figures/fig15/rois.json,FST,9602.888671875,79.30566912409593,2.687144947973215,68.20442985021198,92.06370751986937,provisional image-derived estimate,Dashed superior temporal sulcus not used as the field perimeter.,fig15,,whole_hemisphere,complete,injected hemisphere,,,,True,whole_drawn_neocortex,2.687144947973215,Own figure scale bar.,,main_reconstructed_case
15,21,185,87-15,Saimiri sciureus,not assigned,5,55.019778097047464,../figures/fig15/rois.json,3b,5654.7783203125,46.70011220209756,1.5823581335312176,37.239464911451705,57.66432375954723,provisional image-derived estimate,Drawn border traced; provisional manual digitization.,fig15,,whole_hemisphere,complete,injected hemisphere,,,,True,whole_drawn_neocortex,1.5823581335312176,Own figure scale bar.,,main_reconstructed_case
15,21,185,87-15,Saimiri sciureus,not assigned,5,55.019778097047464,../figures/fig15/rois.json,3a,4172.111328125,34.45547395610593,1.1674682755187988,27.489384071534143,42.54567009032603,provisional image-derived estimate,Dashed rostral boundary.,fig15,,whole_hemisphere,complete,injected hemisphere,,,,True,whole_drawn_neocortex,1.1674682755187988,Own figure scale bar.,,main_reconstructed_case
15,21,185,87-15,Saimiri sciureus,not assigned,5,55.019778097047464,../figures/fig15/rois.json,1,3219.888671875,26.591522025661924,0.9010109221619973,20.122998074183176,34.221517246566584,provisional image-derived estimate,Dashed caudal border.,fig15,,whole_hemisphere,complete,injected hemisphere,,,,True,whole_drawn_neocortex,0.9010109221619973,Own figure scale bar.,,main_reconstructed_case
15,21,185,87-15,Saimiri sciureus,not assigned,5,55.019778097047464,../figures/fig15/rois.json,2,3054.222412109375,25.2233635443001,0.8546530742070759,19.346374915798574,32.140479035626726,provisional image-derived estimate,Dashed outer boundary.,fig15,,whole_hemisphere,complete,injected hemisphere,,,,True,whole_drawn_neocortex,0.8546530742070759,Own figure scale bar.,,main_reconstructed_case
15,21,185,87-15,Saimiri sciureus,not assigned,5,55.019778097047464,../figures/fig15/rois.json,SII,1918.111083984375,15.840762937848824,0.5367387548786041,12.449038548759098,19.796542980992,provisional image-derived estimate,Dashed outline.,fig15,,whole_hemisphere,complete,injected hemisphere,,,,True,whole_drawn_neocortex,0.5367387548786041,Own figure scale bar.,,main_reconstructed_case
15,21,185,87-15,Saimiri sciureus,not assigned,5,55.019778097047464,../figures/fig15/rois.json,PV/IG,2453.0,20.258154916568795,0.6864149718494308,16.20143559125103,24.97245853127832,provisional image-derived estimate,Dashed outline; compound PV/IG label.,fig15,,whole_hemisphere,complete,injected hemisphere,,,,True,whole_drawn_neocortex,0.6864149718494308,Own figure scale bar.,,main_reconstructed_case
15,21,185,87-15,Saimiri sciureus,not assigned,5,55.019778097047464,../figures/fig15/rois.json,FEF,2003.111083984375,16.542737323461687,0.560524027038083,12.956534870079729,20.774808806647492,provisional image-derived estimate,Drawn border traced; provisional manual digitization.,fig15,,whole_hemisphere,complete,injected hemisphere,,,,True,whole_drawn_neocortex,0.560524027038083,Own figure scale bar.,,main_reconstructed_case
15,21,185,87-15,Saimiri sciureus,not assigned,5,55.019778097047464,../figures/fig15/rois.json,FV,2845.666748046875,23.50100196610768,0.7962936244408713,19.26179219557847,28.494215503638085,provisional image-derived estimate,Dashed physiological/architectonic outline.,fig15,,whole_hemisphere,complete,injected hemisphere,,,,True,whole_drawn_neocortex,0.7962936244408713,Own figure scale bar.,,main_reconstructed_case
15,21,185,87-15,Saimiri sciureus,not assigned,5,55.019778097047464,../figures/fig15/rois.json,PP,,,,,,not measurable from complete field boundary,No complete field boundary in this figure.,fig15,,whole_hemisphere,unmeasured,injected hemisphere,,,,True,whole_drawn_neocortex,,Own figure scale bar.,,main_reconstructed_case
15,21,185,87-15,Saimiri sciureus,not assigned,5,55.019778097047464,../figures/fig15/rois.json,IT,,,,,,not measurable from complete field boundary,No complete field boundary in this figure.,fig15,,whole_hemisphere,unmeasured,injected hemisphere,,,,True,whole_drawn_neocortex,,Own figure scale bar.,,main_reconstructed_case
15,21,185,87-15,Saimiri sciureus,not assigned,5,55.019778097047464,../figures/fig15/rois.json,Motor & Premotor,,,,,,not measurable from complete field boundary,No complete field boundary in this figure.,fig15,,whole_hemisphere,unmeasured,injected hemisphere,,,,True,whole_drawn_neocortex,,Own figure scale bar.,,main_reconstructed_case
15,21,185,87-15,Saimiri sciureus,not assigned,5,55.019778097047464,../figures/fig15/rois.json,frontal,,,,,,not measurable from complete field boundary,No complete field boundary in this figure.,fig15,,whole_hemisphere,unmeasured,injected hemisphere,,,,True,whole_drawn_neocortex,,Own figure scale bar.,,main_reconstructed_case
16,22,186,87-25,Saimiri sciureus,not assigned,5,62.372112592692204,../figures/fig16/rois.json,Neocortex outline,332231,2135.0067561959454,100.0,1974.7059350227485,2312.649130262033,provisional image-derived estimate,"Total drawn tissue, repaired at documented small scan gaps if needed; no shrinkage correction.",fig16,,whole_hemisphere,complete,injected hemisphere,,,,True,whole_drawn_neocortex,100.0,Own figure scale bar.,,main_reconstructed_case
16,22,186,87-25,Saimiri sciureus,not assigned,5,62.372112592692204,../figures/fig16/rois.json,17,56494.66796875,363.0501000879747,17.004634717636222,320.0106083409763,396.8607833785564,provisional image-derived estimate,Includes ventral cut-off lobe; outer edge clipped to tissue.,fig16,,whole_hemisphere,complete,injected hemisphere,,,,True,whole_drawn_neocortex,17.004634717636222,Own figure scale bar.,,main_reconstructed_case
16,22,186,87-25,Saimiri sciureus,not assigned,5,62.372112592692204,../figures/fig16/rois.json,18,24058.66796875,154.6075431201671,7.2415481904909536,129.86969486723459,181.8553716745133,provisional image-derived estimate,Ventral limit is faint; dashed segments interpolated and flagged.,fig16,,whole_hemisphere,complete,injected hemisphere,,,,True,whole_drawn_neocortex,7.2415481904909536,Own figure scale bar.,,main_reconstructed_case
16,22,186,87-25,Saimiri sciureus,not assigned,5,62.372112592692204,../figures/fig16/rois.json,DM,3342.5556640625,21.48017170503193,1.0060938515859448,16.464480037753564,27.251212298225074,provisional image-derived estimate,Approximate boundary segments under sparse tracer.,fig16,,whole_hemisphere,complete,injected hemisphere,,,,True,whole_drawn_neocortex,1.0060938515859448,Own figure scale bar.,,main_reconstructed_case
16,22,186,87-25,Saimiri sciureus,not assigned,5,62.372112592692204,../figures/fig16/rois.json,DI,2387.333251953125,15.341652712152566,0.7185763074346238,11.354397739484135,19.85024122604162,provisional image-derived estimate,Dashed/obscured perimeter.,fig16,,whole_hemisphere,complete,injected hemisphere,,,,True,whole_drawn_neocortex,0.7185763074346238,Own figure scale bar.,,main_reconstructed_case
16,22,186,87-25,Saimiri sciureus,not assigned,5,62.372112592692204,../figures/fig16/rois.json,DL,14943.5556640625,96.03135259612627,4.4979413914001105,84.18664508860873,109.4026771096627,provisional image-derived estimate,Lower and rostral borders are dashed; DL label obscured in scan.,fig16,,whole_hemisphere,complete,injected hemisphere,,,,True,whole_drawn_neocortex,4.4979413914001105,Own figure scale bar.,,main_reconstructed_case
16,22,186,87-25,Saimiri sciureus,not assigned,5,62.372112592692204,../figures/fig16/rois.json,MT,3108.111083984375,19.973567076263638,0.9355271133591914,16.54894420797289,23.93826602587604,provisional image-derived estimate,Envelope of the injected MT.,fig16,,whole_hemisphere,complete,injected hemisphere,,,,True,whole_drawn_neocortex,0.9355271133591914,Own figure scale bar.,,main_reconstructed_case
16,22,186,87-25,Saimiri sciureus,not assigned,5,62.372112592692204,../figures/fig16/rois.json,MST,2046.111083984375,13.148866265441967,0.6158700073094849,10.497689727259509,16.310944587258803,provisional image-derived estimate,Dashed outline partly obscured by tracer.,fig16,,whole_hemisphere,complete,injected hemisphere,,,,True,whole_drawn_neocortex,0.6158700073094849,Own figure scale bar.,,main_reconstructed_case
16,22,186,87-25,Saimiri sciureus,not assigned,5,62.372112592692204,../figures/fig16/rois.json,FST,5922.33349609375,38.05852562405588,1.7825950907933787,32.32564457394049,44.57044488141619,provisional image-derived estimate,Approximate field boundary; heavy STS dashes excluded as landmarks.,fig16,,whole_hemisphere,complete,injected hemisphere,,,,True,whole_drawn_neocortex,1.7825950907933787,Own figure scale bar.,,main_reconstructed_case
16,22,186,87-25,Saimiri sciureus,not assigned,5,62.372112592692204,../figures/fig16/rois.json,3b,4589.33349609375,29.492305114804203,1.3813682335765627,23.553437181161563,36.36009977168163,provisional image-derived estimate,"Internal unlabeled oval retained inside 3b, not counted separately.",fig16,,whole_hemisphere,complete,injected hemisphere,,,,True,whole_drawn_neocortex,1.3813682335765627,Own figure scale bar.,,main_reconstructed_case
16,22,186,87-25,Saimiri sciureus,not assigned,5,62.372112592692204,../figures/fig16/rois.json,3a,2275.0,14.619768686082201,0.6847645162552561,10.865712183215157,18.944839760306483,provisional image-derived estimate,Drawn border traced; provisional manual digitization.,fig16,,whole_hemisphere,complete,injected hemisphere,,,,True,whole_drawn_neocortex,0.6847645162552561,Own figure scale bar.,,main_reconstructed_case
16,22,186,87-25,Saimiri sciureus,not assigned,5,62.372112592692204,../figures/fig16/rois.json,1,2811.0,18.064250451242668,0.846098046238912,13.870223381017016,22.861387009812276,provisional image-derived estimate,Drawn border traced; provisional manual digitization.,fig16,,whole_hemisphere,complete,injected hemisphere,,,,True,whole_drawn_neocortex,0.846098046238912,Own figure scale bar.,,main_reconstructed_case
16,22,186,87-25,Saimiri sciureus,not assigned,5,62.372112592692204,../figures/fig16/rois.json,2,2462.666748046875,15.82576624498971,0.7412513426040541,11.903414845909776,20.23435093877774,provisional image-derived estimate,Dashed outer field border.,fig16,,whole_hemisphere,complete,injected hemisphere,,,,True,whole_drawn_neocortex,0.7412513426040541,Own figure scale bar.,,main_reconstructed_case
16,22,186,87-25,Saimiri sciureus,not assigned,5,62.372112592692204,../figures/fig16/rois.json,SII,1377.22216796875,8.850404186834187,0.41453752598907084,6.612337897170357,11.440982157925855,provisional image-derived estimate,Partly cut tissue; ROI clipped to drawn surviving tissue.,fig16,,whole_hemisphere,complete,injected hemisphere,,,,True,whole_drawn_neocortex,0.41453752598907084,Own figure scale bar.,,main_reconstructed_case
16,22,186,87-25,Saimiri sciureus,not assigned,5,62.372112592692204,../figures/fig16/rois.json,PV/IG,1087.0,6.985357609569825,0.3271819908437202,5.206612778520089,9.163760289561717,provisional image-derived estimate,Dashed border; compound PV/IG label.,fig16,,whole_hemisphere,complete,injected hemisphere,,,,True,whole_drawn_neocortex,0.3271819908437202,Own figure scale bar.,,main_reconstructed_case
16,22,186,87-25,Saimiri sciureus,not assigned,5,62.372112592692204,../figures/fig16/rois.json,FEF,1180.3333740234375,7.585143253048617,0.3552749063222389,5.785795660024062,9.760502164705331,provisional image-derived estimate,Drawn border traced; provisional manual digitization.,fig16,,whole_hemisphere,complete,injected hemisphere,,,,True,whole_drawn_neocortex,0.3552749063222389,Own figure scale bar.,,main_reconstructed_case
16,22,186,87-25,Saimiri sciureus,not assigned,5,62.372112592692204,../figures/fig16/rois.json,FV,861.1111450195312,5.5337343970078825,0.25919048644453146,4.042213860496477,7.387252868157161,provisional image-derived estimate,Drawn border traced; provisional manual digitization.,fig16,,whole_hemisphere,complete,injected hemisphere,,,,True,whole_drawn_neocortex,0.25919048644453146,Own figure scale bar.,,main_reconstructed_case
16,22,186,87-25,Saimiri sciureus,not assigned,5,62.372112592692204,../figures/fig16/rois.json,PP,,,,,,not measurable from complete field boundary,No complete field boundary in this figure.,fig16,,whole_hemisphere,unmeasured,injected hemisphere,,,,True,whole_drawn_neocortex,,Own figure scale bar.,,main_reconstructed_case
16,22,186,87-25,Saimiri sciureus,not assigned,5,62.372112592692204,../figures/fig16/rois.json,IT,,,,,,not measurable from complete field boundary,No complete field boundary in this figure.,fig16,,whole_hemisphere,unmeasured,injected hemisphere,,,,True,whole_drawn_neocortex,,Own figure scale bar.,,main_reconstructed_case
16,22,186,87-25,Saimiri sciureus,not assigned,5,62.372112592692204,../figures/fig16/rois.json,Motor,,,,,,not measurable from complete field boundary,No complete field boundary in this figure.,fig16,,whole_hemisphere,unmeasured,injected hemisphere,,,,True,whole_drawn_neocortex,,Own figure scale bar.,,main_reconstructed_case
16,22,186,87-25,Saimiri sciureus,not assigned,5,62.372112592692204,../figures/fig16/rois.json,Premotor,,,,,,not measurable from complete field boundary,No complete field boundary in this figure.,fig16,,whole_hemisphere,unmeasured,injected hemisphere,,,,True,whole_drawn_neocortex,,Own figure scale bar.,,main_reconstructed_case
16,22,186,87-25,Saimiri sciureus,not assigned,5,62.372112592692204,../figures/fig16/rois.json,frontal,,,,,,not measurable from complete field boundary,No complete field boundary in this figure.,fig16,,whole_hemisphere,unmeasured,injected hemisphere,,,,True,whole_drawn_neocortex,,Own figure scale bar.,,main_reconstructed_case
17,23,187,88-7,Aotus trivirgatus,not assigned,2,28.01242724800646,../figures/fig17/rois.json,Neocortex outline,355614,1812.7476811291324,100.0,1567.6964763509177,2117.5492261602894,provisional image-derived estimate,"Total drawn tissue, repaired at documented small scan gaps if needed; no shrinkage correction.",fig17,,whole_hemisphere,complete,injected hemisphere,,,,True,whole_drawn_neocortex,100.0,Own figure scale bar.,,main_reconstructed_case
17,23,187,88-7,Aotus trivirgatus,not assigned,2,28.01242724800646,../figures/fig17/rois.json,17,66882.109375,340.9325523701436,18.80750177861389,285.6566226028517,401.9588540233469,provisional image-derived estimate,Whole outer edge of V1 follows tissue contour.,fig17,,whole_hemisphere,complete,injected hemisphere,,,,True,whole_drawn_neocortex,18.80750177861389,Own figure scale bar.,,main_reconstructed_case
17,23,187,88-7,Aotus trivirgatus,not assigned,2,28.01242724800646,../figures/fig17/rois.json,18,29012.77734375,147.89306622629772,8.158502574069075,119.76298005435295,183.71191403146582,provisional image-derived estimate,Ventral terminus follows dashed boundary.,fig17,,whole_hemisphere,complete,injected hemisphere,,,,True,whole_drawn_neocortex,8.158502574069075,Own figure scale bar.,,main_reconstructed_case
17,23,187,88-7,Aotus trivirgatus,not assigned,2,28.01242724800646,../figures/fig17/rois.json,DM,9684.333984375,49.36603725797025,2.7232712953862896,39.76260608130358,61.67475622133034,provisional image-derived estimate,Architectonic field boundary; sulcal dashes crossing it are ignored.,fig17,,whole_hemisphere,complete,injected hemisphere,,,,True,whole_drawn_neocortex,2.7232712953862896,Own figure scale bar.,,main_reconstructed_case
17,23,187,88-7,Aotus trivirgatus,not assigned,2,28.01242724800646,../figures/fig17/rois.json,DI,5050.3330078125,25.744148005539785,1.4201727175568173,19.22406988228314,34.36950375451113,provisional image-derived estimate,Drawn border traced; provisional manual digitization.,fig17,,whole_hemisphere,complete,injected hemisphere,,,,True,whole_drawn_neocortex,1.4201727175568173,Own figure scale bar.,,main_reconstructed_case
17,23,187,88-7,Aotus trivirgatus,not assigned,2,28.01242724800646,../figures/fig17/rois.json,DL,11330.77734375,57.7588068953228,3.1862573868717203,45.82869050246292,73.10169993606546,provisional image-derived estimate,Drawn border traced; provisional manual digitization.,fig17,,whole_hemisphere,complete,injected hemisphere,,,,True,whole_drawn_neocortex,3.1862573868717203,Own figure scale bar.,,main_reconstructed_case
17,23,187,88-7,Aotus trivirgatus,not assigned,2,28.01242724800646,../figures/fig17/rois.json,MT,6500.66650390625,33.137244683139244,1.8280119747552823,26.569094503511206,41.62292327752199,provisional image-derived estimate,Injection mass remains part of the field.,fig17,,whole_hemisphere,complete,injected hemisphere,,,,True,whole_drawn_neocortex,1.8280119747552823,Own figure scale bar.,,main_reconstructed_case
17,23,187,88-7,Aotus trivirgatus,not assigned,2,28.01242724800646,../figures/fig17/rois.json,MST,5060.33349609375,25.795125644052316,1.4229848926346405,19.98788139065752,33.29952092348834,provisional image-derived estimate,Short gaps near tracer interpolated.,fig17,,whole_hemisphere,complete,injected hemisphere,,,,True,whole_drawn_neocortex,1.4229848926346405,Own figure scale bar.,,main_reconstructed_case
17,23,187,88-7,Aotus trivirgatus,not assigned,2,28.01242724800646,../figures/fig17/rois.json,FST,5016.33349609375,25.570834986289455,1.4106119264409585,20.01452597815895,32.732016217531495,provisional image-derived estimate,Shared border with MT inferred through local tracer.,fig17,,whole_hemisphere,complete,injected hemisphere,,,,True,whole_drawn_neocortex,1.4106119264409585,Own figure scale bar.,,main_reconstructed_case
17,23,187,88-7,Aotus trivirgatus,not assigned,2,28.01242724800646,../figures/fig17/rois.json,FEF,1247.666748046875,6.359999899733695,0.3508486021492053,4.534020639827,8.825880479099606,provisional image-derived estimate,Drawn border traced; provisional manual digitization.,fig17,,whole_hemisphere,complete,injected hemisphere,,,,True,whole_drawn_neocortex,0.3508486021492053,Own figure scale bar.,,main_reconstructed_case
17,23,187,88-7,Aotus trivirgatus,not assigned,2,28.01242724800646,../figures/fig17/rois.json,FV,1271.77783203125,6.4829065107843995,0.35762873003628937,4.658362048167016,8.979579670296252,provisional image-derived estimate,Drawn border traced; provisional manual digitization.,fig17,,whole_hemisphere,complete,injected hemisphere,,,,True,whole_drawn_neocortex,0.35762873003628937,Own figure scale bar.,,main_reconstructed_case
17,23,187,88-7,Aotus trivirgatus,not assigned,2,28.01242724800646,../figures/fig17/rois.json,3b,,,,,,not measurable from complete field boundary,Printed field boundaries are open; cannot measure complete area without inventing an end cap.,fig17,,whole_hemisphere,unmeasured,injected hemisphere,,,,True,whole_drawn_neocortex,,Own figure scale bar.,,main_reconstructed_case
17,23,187,88-7,Aotus trivirgatus,not assigned,2,28.01242724800646,../figures/fig17/rois.json,IT,,,,,,not measurable from complete field boundary,Printed field boundaries are open; cannot measure complete area without inventing an end cap.,fig17,,whole_hemisphere,unmeasured,injected hemisphere,,,,True,whole_drawn_neocortex,,Own figure scale bar.,,main_reconstructed_case
18,24,188,87-54,Aotus trivirgatus,not assigned,2,31.048552334039943,../figures/fig18/rois.json,Neocortex outline,353731,1467.7442981620402,100.0,1285.613663433652,1689.5910450971119,provisional image-derived estimate,"Total drawn tissue, repaired at documented small scan gaps if needed; no shrinkage correction.",fig18,,whole_hemisphere,complete,injected hemisphere,,,,True,whole_drawn_neocortex,100.0,Own figure scale bar.,,main_reconstructed_case
18,24,188,87-54,Aotus trivirgatus,not assigned,2,31.048552334039943,../figures/fig18/rois.json,17,53208.55859375,220.77951462947095,15.04209656313696,183.56962977318295,258.2024780260603,provisional image-derived estimate,Whole outer V1 edge follows tissue mask.,fig18,,whole_hemisphere,complete,injected hemisphere,,,,True,whole_drawn_neocortex,15.04209656313696,Own figure scale bar.,,main_reconstructed_case
18,24,188,87-54,Aotus trivirgatus,not assigned,2,31.048552334039943,../figures/fig18/rois.json,18,29191.220703125,121.12381369854896,8.252378418381483,99.31086207324638,148.42056191587778,provisional image-derived estimate,Dense tracer partly obscures dorsal V1/V2 interface; dorsal termination approximate.,fig18,,whole_hemisphere,complete,injected hemisphere,,,,True,whole_drawn_neocortex,8.252378418381483,Own figure scale bar.,,main_reconstructed_case
18,24,188,87-54,Aotus trivirgatus,not assigned,2,31.048552334039943,../figures/fig18/rois.json,DM,6164.4443359375,25.578272827118774,1.7426927060216661,20.274548528137036,32.44774022082988,provisional image-derived estimate,Drawn border traced; provisional manual digitization.,fig18,,whole_hemisphere,complete,injected hemisphere,,,,True,whole_drawn_neocortex,1.7426927060216661,Own figure scale bar.,,main_reconstructed_case
18,24,188,87-54,Aotus trivirgatus,not assigned,2,31.048552334039943,../figures/fig18/rois.json,DI,5816.33349609375,24.133848390727664,1.6442815292111095,18.058850937905298,31.864676371719277,provisional image-derived estimate,Drawn border traced; provisional manual digitization.,fig18,,whole_hemisphere,complete,injected hemisphere,,,,True,whole_drawn_neocortex,1.6442815292111095,Own figure scale bar.,,main_reconstructed_case
18,24,188,87-54,Aotus trivirgatus,not assigned,2,31.048552334039943,../figures/fig18/rois.json,DL,11324.22265625,46.98786149596256,3.2013656298854216,37.81335143659951,58.62398879634815,provisional image-derived estimate,Right edge partly obscured; shared visual-field borders interpolated.,fig18,,whole_hemisphere,complete,injected hemisphere,,,,True,whole_drawn_neocortex,3.2013656298854216,Own figure scale bar.,,main_reconstructed_case
18,24,188,87-54,Aotus trivirgatus,not assigned,2,31.048552334039943,../figures/fig18/rois.json,MT,7225.111328125,29.979323145105845,2.0425440032468174,24.383660422748626,37.04114566626219,provisional image-derived estimate,Black tracer/injection retained in field.,fig18,,whole_hemisphere,complete,injected hemisphere,,,,True,whole_drawn_neocortex,2.0425440032468174,Own figure scale bar.,,main_reconstructed_case
18,24,188,87-54,Aotus trivirgatus,not assigned,2,31.048552334039943,../figures/fig18/rois.json,MST,6308.111328125,26.174393632525405,1.7833074647472231,20.915452789774317,32.71320018465259,provisional image-derived estimate,Field boundary partly hidden by tracer; dashed sulcus excluded.,fig18,,whole_hemisphere,complete,injected hemisphere,,,,True,whole_drawn_neocortex,1.7833074647472231,Own figure scale bar.,,main_reconstructed_case
18,24,188,87-54,Aotus trivirgatus,not assigned,2,31.048552334039943,../figures/fig18/rois.json,FST,6606.33349609375,27.41181383777079,1.8676150792816435,21.966535778859456,34.35810388905405,provisional image-derived estimate,Lower FST envelope traced; label is inside caudal extension.,fig18,,whole_hemisphere,complete,injected hemisphere,,,,True,whole_drawn_neocortex,1.8676150792816435,Own figure scale bar.,,main_reconstructed_case
18,24,188,87-54,Aotus trivirgatus,not assigned,2,31.048552334039943,../figures/fig18/rois.json,3b,10825.1103515625,44.91688315550726,3.0602662338224524,35.04830733639296,57.41519788965544,provisional image-derived estimate,Drawn border traced; provisional manual digitization.,fig18,,whole_hemisphere,complete,injected hemisphere,,,,True,whole_drawn_neocortex,3.0602662338224524,Own figure scale bar.,,main_reconstructed_case
18,24,188,87-54,Aotus trivirgatus,not assigned,2,31.048552334039943,../figures/fig18/rois.json,SII,2751.11083984375,11.415248448093173,0.7777409499997879,8.804193399862976,14.742508705154261,provisional image-derived estimate,Lateral cut forms part of the visible surviving perimeter.,fig18,,whole_hemisphere,complete,injected hemisphere,,,,True,whole_drawn_neocortex,0.7777409499997879,Own figure scale bar.,,main_reconstructed_case
18,24,188,87-54,Aotus trivirgatus,not assigned,2,31.048552334039943,../figures/fig18/rois.json,PV,2534.888916015625,10.518073770622559,0.7166148615800213,7.782408891309827,14.131002717062655,provisional image-derived estimate,Drawn border traced; provisional manual digitization.,fig18,,whole_hemisphere,complete,injected hemisphere,,,,True,whole_drawn_neocortex,0.7166148615800213,Own figure scale bar.,,main_reconstructed_case
18,24,188,87-54,Aotus trivirgatus,not assigned,2,31.048552334039943,../figures/fig18/rois.json,AI,3650.0,15.145030230009377,1.0318575414651245,11.756015313460962,19.36909664606441,provisional image-derived estimate,Drawn border traced; provisional manual digitization.,fig18,,whole_hemisphere,complete,injected hemisphere,,,,True,whole_drawn_neocortex,1.0318575414651245,Own figure scale bar.,,main_reconstructed_case
18,24,188,87-54,Aotus trivirgatus,not assigned,2,31.048552334039943,../figures/fig18/rois.json,FEF,1214.6666259765625,5.040044594465352,0.3433871009260038,3.6147000356342582,6.925660841874719,provisional image-derived estimate,Physiological marker symbols interrupt boundary.,fig18,,whole_hemisphere,complete,injected hemisphere,,,,True,whole_drawn_neocortex,0.3433871009260038,Own figure scale bar.,,main_reconstructed_case
18,24,188,87-54,Aotus trivirgatus,not assigned,2,31.048552334039943,../figures/fig18/rois.json,FV,1188.0,4.929396140616751,0.33584842719467617,3.545116144370782,6.77870979047286,provisional image-derived estimate,Shared border partly hidden by tracer.,fig18,,whole_hemisphere,complete,injected hemisphere,,,,True,whole_drawn_neocortex,0.33584842719467617,Own figure scale bar.,,main_reconstructed_case
18,24,188,87-54,Aotus trivirgatus,not assigned,2,31.048552334039943,../figures/fig18/rois.json,C,416.33331298828125,1.7275015372513631,0.11769771747126524,0.9192398266911842,2.9295403150435155,provisional image-derived estimate,"Region C is retained under its printed label, not equated with a named cortical homologue.",fig18,,whole_hemisphere,complete,injected hemisphere,,,,True,whole_drawn_neocortex,0.11769771747126524,Own figure scale bar.,,main_reconstructed_case
18,24,188,87-54,Aotus trivirgatus,not assigned,2,31.048552334039943,../figures/fig18/rois.json,3a,,,,,,not measurable from complete field boundary,The labelled territory has no complete separate perimeter.,fig18,,whole_hemisphere,unmeasured,injected hemisphere,,,,True,whole_drawn_neocortex,,Own figure scale bar.,,main_reconstructed_case
18,24,188,87-54,Aotus trivirgatus,not assigned,2,31.048552334039943,../figures/fig18/rois.json,M,,,,,,not measurable from complete field boundary,The labelled territory has no complete separate perimeter.,fig18,,whole_hemisphere,unmeasured,injected hemisphere,,,,True,whole_drawn_neocortex,,Own figure scale bar.,,main_reconstructed_case
18,24,188,87-54,Aotus trivirgatus,not assigned,2,31.048552334039943,../figures/fig18/rois.json,PP,,,,,,not measurable from complete field boundary,The labelled territory has no complete separate perimeter.,fig18,,whole_hemisphere,unmeasured,injected hemisphere,,,,True,whole_drawn_neocortex,,Own figure scale bar.,,main_reconstructed_case
18,24,188,87-54,Aotus trivirgatus,not assigned,2,31.048552334039943,../figures/fig18/rois.json,IT,,,,,,not measurable from complete field boundary,The labelled territory has no complete separate perimeter.,fig18,,whole_hemisphere,unmeasured,injected hemisphere,,,,True,whole_drawn_neocortex,,Own figure scale bar.,,main_reconstructed_case
19,25,189,88-16,Aotus trivirgatus,not assigned,2,,../figures/fig19/rois.json,Neocortex outline,359210,,100.0,,,provisional pixels and proportions only; no visible calibration line,"Total drawn tissue, repaired at documented small scan gaps if needed; no shrinkage correction.",fig19,,whole_hemisphere,complete,injected hemisphere,,,,True,whole_drawn_neocortex,100.0,"The printed 2 mm text is visible, but its scale line is absent even in a 432 dpi rendering. Pixel areas and cortex fractions only.",,main_reconstructed_case
19,25,189,88-16,Aotus trivirgatus,not assigned,2,,../figures/fig19/rois.json,DM,6306.888671875,,1.7557664519013947,,,provisional pixels and proportions only; no visible calibration line,Closed DM outline; tracer marks retained.,fig19,,whole_hemisphere,complete,injected hemisphere,,,,True,whole_drawn_neocortex,1.7557664519013947,"The printed 2 mm text is visible, but its scale line is absent even in a 432 dpi rendering. Pixel areas and cortex fractions only.",,main_reconstructed_case
19,25,189,88-16,Aotus trivirgatus,not assigned,2,,../figures/fig19/rois.json,DI,3679.6669921875,,1.024377659916901,,,provisional pixels and proportions only; no visible calibration line,Drawn border traced; provisional manual digitization.,fig19,,whole_hemisphere,complete,injected hemisphere,,,,True,whole_drawn_neocortex,1.024377659916901,"The printed 2 mm text is visible, but its scale line is absent even in a 432 dpi rendering. Pixel areas and cortex fractions only.",,main_reconstructed_case
19,25,189,88-16,Aotus trivirgatus,not assigned,2,,../figures/fig19/rois.json,DL,8451.666015625,,2.3528481989991925,,,provisional pixels and proportions only; no visible calibration line,Borders through dense symbols partly interpolated.,fig19,,whole_hemisphere,complete,injected hemisphere,,,,True,whole_drawn_neocortex,2.3528481989991925,"The printed 2 mm text is visible, but its scale line is absent even in a 432 dpi rendering. Pixel areas and cortex fractions only.",,main_reconstructed_case
19,25,189,88-16,Aotus trivirgatus,not assigned,2,,../figures/fig19/rois.json,MT,4578.77783203125,,1.2746799454445172,,,provisional pixels and proportions only; no visible calibration line,Injection/tracer markings do not define the ROI border.,fig19,,whole_hemisphere,complete,injected hemisphere,,,,True,whole_drawn_neocortex,1.2746799454445172,"The printed 2 mm text is visible, but its scale line is absent even in a 432 dpi rendering. Pixel areas and cortex fractions only.",,main_reconstructed_case
19,25,189,88-16,Aotus trivirgatus,not assigned,2,,../figures/fig19/rois.json,MST,3621.444580078125,,1.0081691990974986,,,provisional pixels and proportions only; no visible calibration line,Drawn border traced; provisional manual digitization.,fig19,,whole_hemisphere,complete,injected hemisphere,,,,True,whole_drawn_neocortex,1.0081691990974986,"The printed 2 mm text is visible, but its scale line is absent even in a 432 dpi rendering. Pixel areas and cortex fractions only.",,main_reconstructed_case
19,25,189,88-16,Aotus trivirgatus,not assigned,2,,../figures/fig19/rois.json,FST,5558.0,,1.5472843183653016,,,provisional pixels and proportions only; no visible calibration line,Ventral FST outline complete; sulcal dashed lines ignored.,fig19,,whole_hemisphere,complete,injected hemisphere,,,,True,whole_drawn_neocortex,1.5472843183653016,"The printed 2 mm text is visible, but its scale line is absent even in a 432 dpi rendering. Pixel areas and cortex fractions only.",,main_reconstructed_case
19,25,189,88-16,Aotus trivirgatus,not assigned,2,,../figures/fig19/rois.json,3b,10821.111328125,,3.0124749667673507,,,provisional pixels and proportions only; no visible calibration line,Drawn border traced; provisional manual digitization.,fig19,,whole_hemisphere,complete,injected hemisphere,,,,True,whole_drawn_neocortex,3.0124749667673507,"The printed 2 mm text is visible, but its scale line is absent even in a 432 dpi rendering. Pixel areas and cortex fractions only.",,main_reconstructed_case
19,25,189,88-16,Aotus trivirgatus,not assigned,2,,../figures/fig19/rois.json,SII,2942.77783203125,,0.8192360546842377,,,provisional pixels and proportions only; no visible calibration line,Dashed outline; shared border with 3b.,fig19,,whole_hemisphere,complete,injected hemisphere,,,,True,whole_drawn_neocortex,0.8192360546842377,"The printed 2 mm text is visible, but its scale line is absent even in a 432 dpi rendering. Pixel areas and cortex fractions only.",,main_reconstructed_case
19,25,189,88-16,Aotus trivirgatus,not assigned,2,,../figures/fig19/rois.json,AI,4008.888916015625,,1.1160293187872345,,,provisional pixels and proportions only; no visible calibration line,Drawn border traced; provisional manual digitization.,fig19,,whole_hemisphere,complete,injected hemisphere,,,,True,whole_drawn_neocortex,1.1160293187872345,"The printed 2 mm text is visible, but its scale line is absent even in a 432 dpi rendering. Pixel areas and cortex fractions only.",,main_reconstructed_case
19,25,189,88-16,Aotus trivirgatus,not assigned,2,,../figures/fig19/rois.json,FEF,1996.0,,0.5556638178224437,,,provisional pixels and proportions only; no visible calibration line,Drawn border traced; provisional manual digitization.,fig19,,whole_hemisphere,complete,injected hemisphere,,,,True,whole_drawn_neocortex,0.5556638178224437,"The printed 2 mm text is visible, but its scale line is absent even in a 432 dpi rendering. Pixel areas and cortex fractions only.",,main_reconstructed_case
19,25,189,88-16,Aotus trivirgatus,not assigned,2,,../figures/fig19/rois.json,FV,1859.6666259765625,,0.5177101489314224,,,provisional pixels and proportions only; no visible calibration line,Drawn border traced; provisional manual digitization.,fig19,,whole_hemisphere,complete,injected hemisphere,,,,True,whole_drawn_neocortex,0.5177101489314224,"The printed 2 mm text is visible, but its scale line is absent even in a 432 dpi rendering. Pixel areas and cortex fractions only.",,main_reconstructed_case
19,25,189,88-16,Aotus trivirgatus,not assigned,2,,../figures/fig19/rois.json,17,,,,,,not measurable from complete field boundary,Dorsal field boundaries terminate within cortex; no complete V1 or V2 outline can be recovered without a long invented closure.,fig19,,whole_hemisphere,unmeasured,injected hemisphere,,,,True,whole_drawn_neocortex,,"The printed 2 mm text is visible, but its scale line is absent even in a 432 dpi rendering. Pixel areas and cortex fractions only.",,main_reconstructed_case
19,25,189,88-16,Aotus trivirgatus,not assigned,2,,../figures/fig19/rois.json,18,,,,,,not measurable from complete field boundary,Dorsal field boundaries terminate within cortex; no complete V1 or V2 outline can be recovered without a long invented closure.,fig19,,whole_hemisphere,unmeasured,injected hemisphere,,,,True,whole_drawn_neocortex,,"The printed 2 mm text is visible, but its scale line is absent even in a 432 dpi rendering. Pixel areas and cortex fractions only.",,main_reconstructed_case
19,25,189,88-16,Aotus trivirgatus,not assigned,2,,../figures/fig19/rois.json,3a,,,,,,not measurable from complete field boundary,Open field boundaries; no complete separate perimeter.,fig19,,whole_hemisphere,unmeasured,injected hemisphere,,,,True,whole_drawn_neocortex,,"The printed 2 mm text is visible, but its scale line is absent even in a 432 dpi rendering. Pixel areas and cortex fractions only.",,main_reconstructed_case
19,25,189,88-16,Aotus trivirgatus,not assigned,2,,../figures/fig19/rois.json,M,,,,,,not measurable from complete field boundary,Open field boundaries; no complete separate perimeter.,fig19,,whole_hemisphere,unmeasured,injected hemisphere,,,,True,whole_drawn_neocortex,,"The printed 2 mm text is visible, but its scale line is absent even in a 432 dpi rendering. Pixel areas and cortex fractions only.",,main_reconstructed_case
19,25,189,88-16,Aotus trivirgatus,not assigned,2,,../figures/fig19/rois.json,PP,,,,,,not measurable from complete field boundary,Open field boundaries; no complete separate perimeter.,fig19,,whole_hemisphere,unmeasured,injected hemisphere,,,,True,whole_drawn_neocortex,,"The printed 2 mm text is visible, but its scale line is absent even in a 432 dpi rendering. Pixel areas and cortex fractions only.",,main_reconstructed_case
19,25,189,88-16,Aotus trivirgatus,not assigned,2,,../figures/fig19/rois.json,IT,,,,,,not measurable from complete field boundary,Open field boundaries; no complete separate perimeter.,fig19,,whole_hemisphere,unmeasured,injected hemisphere,,,,True,whole_drawn_neocortex,,"The printed 2 mm text is visible, but its scale line is absent even in a 432 dpi rendering. Pixel areas and cortex fractions only.",,main_reconstructed_case
20,26,190,87-53,Callithrix jacchus,not assigned,2,58.008620049092706,../figures/fig20/rois.json,Neocortex outline,550684,654.6020802377416,100.0,608.6817585485803,705.6513646788727,provisional image-derived estimate,"Total drawn tissue, repaired at documented small scan gaps if needed; no shrinkage correction.",fig20,,whole_hemisphere,complete,injected hemisphere,,,,True,whole_drawn_neocortex,100.0,Own figure scale bar.,,main_reconstructed_case
20,26,190,87-53,Callithrix jacchus,not assigned,2,58.008620049092706,../figures/fig20/rois.json,17,98791.375,117.43402674591383,17.93975764685373,105.6618596940652,128.11489238975062,provisional image-derived estimate,outer edge from tissue mask; internal border partly obscured by tracer,fig20,,whole_hemisphere,complete,injected hemisphere,,,,True,whole_drawn_neocortex,17.93975764685373,Own figure scale bar.,,main_reconstructed_case
20,26,190,87-53,Callithrix jacchus,not assigned,2,58.008620049092706,../figures/fig20/rois.json,18,53839.3125,63.999182763744436,9.776807116240892,56.685933201302895,72.43815673633058,provisional image-derived estimate,partly obscured by tracer; central border approximate,fig20,,whole_hemisphere,complete,injected hemisphere,,,,True,whole_drawn_neocortex,9.776807116240892,Own figure scale bar.,,main_reconstructed_case
20,26,190,87-53,Callithrix jacchus,not assigned,2,58.008620049092706,../figures/fig20/rois.json,DM,7986.1875,9.493239227340268,1.4502305314844812,7.929943508467264,11.321769326372216,provisional image-derived estimate,clear drawn boundary,fig20,,whole_hemisphere,complete,injected hemisphere,,,,True,whole_drawn_neocortex,1.4502305314844812,Own figure scale bar.,,main_reconstructed_case
20,26,190,87-53,Callithrix jacchus,not assigned,2,58.008620049092706,../figures/fig20/rois.json,DI,11151.1875,13.25549777117385,2.02497030965127,11.340074699249516,15.472277171550903,provisional image-derived estimate,clear drawn boundary,fig20,,whole_hemisphere,complete,injected hemisphere,,,,True,whole_drawn_neocortex,2.02497030965127,Own figure scale bar.,,main_reconstructed_case
20,26,190,87-53,Callithrix jacchus,not assigned,2,58.008620049092706,../figures/fig20/rois.json,DL,20456.6875,24.31701337295691,3.7147778944004184,21.474940166577618,27.599920832225095,provisional image-derived estimate,mostly clear; shared MT border partly obscured,fig20,,whole_hemisphere,complete,injected hemisphere,,,,True,whole_drawn_neocortex,3.7147778944004184,Own figure scale bar.,,main_reconstructed_case
20,26,190,87-53,Callithrix jacchus,not assigned,2,58.008620049092706,../figures/fig20/rois.json,MT,11538.0625,13.715378900445767,2.0952238488861123,12.03876281618829,15.678846225596663,provisional image-derived estimate,tracer obscures part of the border; provisional interpolation,fig20,,whole_hemisphere,complete,injected hemisphere,,,,True,whole_drawn_neocortex,2.0952238488861123,Own figure scale bar.,,main_reconstructed_case
20,26,190,87-53,Callithrix jacchus,not assigned,2,58.008620049092706,../figures/fig20/rois.json,MST,8250.4375,9.80735512630015,1.4982163091718663,8.464234421420443,11.386800324868103,provisional image-derived estimate,mostly clear drawn boundary,fig20,,whole_hemisphere,complete,injected hemisphere,,,,True,whole_drawn_neocortex,1.4982163091718663,Own figure scale bar.,,main_reconstructed_case
20,26,190,87-53,Callithrix jacchus,not assigned,2,58.008620049092706,../figures/fig20/rois.json,FST,12561.6875,14.93216939078752,2.2811063150554585,12.858527252278616,17.43085783213292,provisional image-derived estimate,mostly clear; shared MT border partly obscured,fig20,,whole_hemisphere,complete,injected hemisphere,,,,True,whole_drawn_neocortex,2.2811063150554585,Own figure scale bar.,,main_reconstructed_case
20,26,190,87-53,Callithrix jacchus,not assigned,2,58.008620049092706,../figures/fig20/rois.json,3b,14493.5625,17.228603268945022,2.6319200303622403,14.610246108260249,20.339401117801916,provisional image-derived estimate,clear drawn boundary,fig20,,whole_hemisphere,complete,injected hemisphere,,,,True,whole_drawn_neocortex,2.6319200303622403,Own figure scale bar.,,main_reconstructed_case
20,26,190,87-53,Callithrix jacchus,not assigned,2,58.008620049092706,../figures/fig20/rois.json,3a,10760.6875,12.791307578008917,1.9540584981586535,10.658048461093065,15.332014233618597,provisional image-derived estimate,clear drawn boundary,fig20,,whole_hemisphere,complete,injected hemisphere,,,,True,whole_drawn_neocortex,1.9540584981586535,Own figure scale bar.,,main_reconstructed_case
20,26,190,87-53,Callithrix jacchus,not assigned,2,58.008620049092706,../figures/fig20/rois.json,SII,2554.0625,3.036032689450223,0.4637982036885038,2.433745094138083,3.7603218542033634,provisional image-derived estimate,one short dashed boundary segment,fig20,,whole_hemisphere,complete,injected hemisphere,,,,True,whole_drawn_neocortex,0.4637982036885038,Own figure scale bar.,,main_reconstructed_case
20,26,190,87-53,Callithrix jacchus,not assigned,2,58.008620049092706,../figures/fig20/rois.json,PV,1799.5625,2.1391530460624075,0.3267867778980323,1.641750456018296,2.754254053943461,provisional image-derived estimate,partly dashed lower border,fig20,,whole_hemisphere,complete,injected hemisphere,,,,True,whole_drawn_neocortex,0.3267867778980323,Own figure scale bar.,,main_reconstructed_case
20,26,190,87-53,Callithrix jacchus,not assigned,2,58.008620049092706,../figures/fig20/rois.json,AI,3576.9375,4.251931649331352,0.6495444755976204,3.47900028974919,5.19227893873045,provisional image-derived estimate,clear drawn boundary,fig20,,whole_hemisphere,complete,injected hemisphere,,,,True,whole_drawn_neocortex,0.6495444755976204,Own figure scale bar.,,main_reconstructed_case
20,26,190,87-53,Callithrix jacchus,not assigned,2,58.008620049092706,../figures/fig20/rois.json,FEF,2492.6875,2.963075780089153,0.4526529733930893,2.397088960816971,3.6340852100642884,provisional image-derived estimate,gaps and lesion symbols; approximate closure,fig20,,whole_hemisphere,complete,injected hemisphere,,,,True,whole_drawn_neocortex,0.4526529733930893,Own figure scale bar.,,main_reconstructed_case
20,26,190,87-53,Callithrix jacchus,not assigned,2,58.008620049092706,../figures/fig20/rois.json,FV,3601.5625,4.281203566121843,0.6540161871418091,3.564531267498452,5.145099586880493,provisional image-derived estimate,gaps and tracer interference; approximate closure,fig20,,whole_hemisphere,complete,injected hemisphere,,,,True,whole_drawn_neocortex,0.6540161871418091,Own figure scale bar.,,main_reconstructed_case
20,26,190,87-53,Callithrix jacchus,not assigned,2,58.008620049092706,../figures/fig20/rois.json,PP,,,,,,not measurable from complete field boundary,Posterior parietal territory has no complete areal boundary in this figure.,fig20,,whole_hemisphere,unmeasured,injected hemisphere,,,,True,whole_drawn_neocortex,,Own figure scale bar.,,main_reconstructed_case
20,26,190,87-53,Callithrix jacchus,not assigned,2,58.008620049092706,../figures/fig20/rois.json,IT,,,,,,not measurable from complete field boundary,Inferior temporal territory has no complete areal boundary in this figure.,fig20,,whole_hemisphere,unmeasured,injected hemisphere,,,,True,whole_drawn_neocortex,,Own figure scale bar.,,main_reconstructed_case
20,26,190,87-53,Callithrix jacchus,not assigned,2,58.008620049092706,../figures/fig20/rois.json,M,,,,,,not measurable from complete field boundary,Motor territory has open boundaries; no defensible closed ROI.,fig20,,whole_hemisphere,unmeasured,injected hemisphere,,,,True,whole_drawn_neocortex,,Own figure scale bar.,,main_reconstructed_case
20,26,190,87-53,Callithrix jacchus,not assigned,2,58.008620049092706,../figures/fig20/rois.json,PM,,,,,,not measurable from complete field boundary,Premotor territory has open boundaries; no defensible closed ROI.,fig20,,whole_hemisphere,unmeasured,injected hemisphere,,,,True,whole_drawn_neocortex,,Own figure scale bar.,,main_reconstructed_case
21,27,191,87-51,Callithrix jacchus,not assigned,2,51.00116855604428,../figures/fig21/rois.json,Neocortex outline,382504,588.2144899322684,100.0,540.9715168296543,641.5320832307432,provisional image-derived estimate,"Total drawn tissue, repaired at documented small scan gaps if needed; no shrinkage correction.",fig21,,whole_hemisphere,complete,injected hemisphere,,,,True,whole_drawn_neocortex,100.0,Own figure scale bar.,,main_reconstructed_case
21,27,191,87-51,Callithrix jacchus,not assigned,2,51.00116855604428,../figures/fig21/rois.json,17,75425.78125,115.98973460594294,19.718952285466298,102.76513729316676,127.84563062746865,provisional image-derived estimate,V1 external boundary from tissue mask; ventral calcarine extension included.,fig21,,whole_hemisphere,complete,injected hemisphere,,,,True,whole_drawn_neocortex,19.718952285466298,Own figure scale bar.,,main_reconstructed_case
21,27,191,87-51,Callithrix jacchus,not assigned,2,51.00116855604428,../figures/fig21/rois.json,18,33412.109375,51.38112770997633,8.735100646006316,44.33553158874934,59.50236809548656,provisional image-derived estimate,Ventral boundary and dense tracer region interpolated from visible border segments.,fig21,,whole_hemisphere,complete,injected hemisphere,,,,True,whole_drawn_neocortex,8.735100646006316,Own figure scale bar.,,main_reconstructed_case
21,27,191,87-51,Callithrix jacchus,not assigned,2,51.00116855604428,../figures/fig21/rois.json,DM,3454.111328125,5.311730944100759,0.9030261979286491,4.180662922166241,6.6652381082379115,provisional image-derived estimate,DM/DI divider is dashed; follows depicted diagonal.,fig21,,whole_hemisphere,complete,injected hemisphere,,,,True,whole_drawn_neocortex,0.9030261979286491,Own figure scale bar.,,main_reconstructed_case
21,27,191,87-51,Callithrix jacchus,not assigned,2,51.00116855604428,../figures/fig21/rois.json,DI,5292.5556640625,8.138889868797872,1.3836602137657383,6.5942268367002255,9.942049745054701,provisional image-derived estimate,Dashed medial divider; outer perimeter solid.,fig21,,whole_hemisphere,complete,injected hemisphere,,,,True,whole_drawn_neocortex,1.3836602137657383,Own figure scale bar.,,main_reconstructed_case
21,27,191,87-51,Callithrix jacchus,not assigned,2,51.00116855604428,../figures/fig21/rois.json,DL,12453.0,19.1502181496835,3.2556522284734277,16.284080782661146,22.466233723493247,provisional image-derived estimate,Dorsal extension and inferior rounded cap follow visible DL border.,fig21,,whole_hemisphere,complete,injected hemisphere,,,,True,whole_drawn_neocortex,3.2556522284734277,Own figure scale bar.,,main_reconstructed_case
21,27,191,87-51,Callithrix jacchus,not assigned,2,51.00116855604428,../figures/fig21/rois.json,MT,8027.111328125,12.344088416075596,2.0985692510731915,10.565571826455553,14.411640808389446,provisional image-derived estimate,Label lies just outside the cloud; ROI follows the enclosing drawn border.,fig21,,whole_hemisphere,complete,injected hemisphere,,,,True,whole_drawn_neocortex,2.0985692510731915,Own figure scale bar.,,main_reconstructed_case
21,27,191,87-51,Callithrix jacchus,not assigned,2,51.00116855604428,../figures/fig21/rois.json,MST,6169.4443359375,9.487368898701709,1.612909756744374,7.8415908420877,11.403037953233818,provisional image-derived estimate,Several sulcal/tracer lines cross the field; outer envelope used.,fig21,,whole_hemisphere,complete,injected hemisphere,,,,True,whole_drawn_neocortex,1.612909756744374,Own figure scale bar.,,main_reconstructed_case
21,27,191,87-51,Callithrix jacchus,not assigned,2,51.00116855604428,../figures/fig21/rois.json,FST,8512.7783203125,13.090946911899195,2.2255396859411927,10.968544444634384,15.621079165445364,provisional image-derived estimate,Rostral border partly obscured by black transported label.,fig21,,whole_hemisphere,complete,injected hemisphere,,,,True,whole_drawn_neocortex,2.2255396859411927,Own figure scale bar.,,main_reconstructed_case
21,27,191,87-51,Callithrix jacchus,not assigned,2,51.00116855604428,../figures/fig21/rois.json,3b,10930.7783203125,16.809346292444822,2.857689937964701,13.860549347536168,20.2189439939224,provisional image-derived estimate,Drawn border traced; provisional manual digitization.,fig21,,whole_hemisphere,complete,injected hemisphere,,,,True,whole_drawn_neocortex,2.857689937964701,Own figure scale bar.,,main_reconstructed_case
21,27,191,87-51,Callithrix jacchus,not assigned,2,51.00116855604428,../figures/fig21/rois.json,3a,6072.888671875,9.338885639215286,1.5876667098579362,7.380237031875894,11.62460172938869,provisional image-derived estimate,Drawn border traced; provisional manual digitization.,fig21,,whole_hemisphere,complete,injected hemisphere,,,,True,whole_drawn_neocortex,1.5876667098579362,Own figure scale bar.,,main_reconstructed_case
21,27,191,87-51,Callithrix jacchus,not assigned,2,51.00116855604428,../figures/fig21/rois.json,SII,2122.666748046875,3.264236030207735,0.554939751753413,2.568772449450919,4.101428698445823,provisional image-derived estimate,Dashed inferior outline; shared 3b border.,fig21,,whole_hemisphere,complete,injected hemisphere,,,,True,whole_drawn_neocortex,0.554939751753413,Own figure scale bar.,,main_reconstructed_case
21,27,191,87-51,Callithrix jacchus,not assigned,2,51.00116855604428,../figures/fig21/rois.json,PV,1656.333251953125,2.5471085765258996,0.433023772811036,1.982112666095166,3.22183716604152,provisional image-derived estimate,"Dashed field border, not lateral sulcus boundary.",fig21,,whole_hemisphere,complete,injected hemisphere,,,,True,whole_drawn_neocortex,0.433023772811036,Own figure scale bar.,,main_reconstructed_case
21,27,191,87-51,Callithrix jacchus,not assigned,2,51.00116855604428,../figures/fig21/rois.json,AI,1954.5556640625,3.0057148761339736,0.5109896011708375,2.2654750371820467,3.8965238528289117,provisional image-derived estimate,Drawn border traced; provisional manual digitization.,fig21,,whole_hemisphere,complete,injected hemisphere,,,,True,whole_drawn_neocortex,0.5109896011708375,Own figure scale bar.,,main_reconstructed_case
21,27,191,87-51,Callithrix jacchus,not assigned,2,51.00116855604428,../figures/fig21/rois.json,FEF,1528.5555419921875,2.350612068020404,0.3996181849058278,1.82975199420423,2.991943924617668,provisional image-derived estimate,Physiological outline with internal markers.,fig21,,whole_hemisphere,complete,injected hemisphere,,,,True,whole_drawn_neocortex,0.3996181849058278,Own figure scale bar.,,main_reconstructed_case
21,27,191,87-51,Callithrix jacchus,not assigned,2,51.00116855604428,../figures/fig21/rois.json,FV,2468.66650390625,3.7963143088911253,0.6453962583152725,2.9503860949347582,4.794440208824971,provisional image-derived estimate,Boundary interrupted by tracer at dorsal end.,fig21,,whole_hemisphere,complete,injected hemisphere,,,,True,whole_drawn_neocortex,0.6453962583152725,Own figure scale bar.,,main_reconstructed_case
21,27,191,87-51,Callithrix jacchus,not assigned,2,51.00116855604428,../figures/fig21/rois.json,M,,,,,,not measurable from complete field boundary,No complete field boundary in this figure.,fig21,,whole_hemisphere,unmeasured,injected hemisphere,,,,True,whole_drawn_neocortex,,Own figure scale bar.,,main_reconstructed_case
21,27,191,87-51,Callithrix jacchus,not assigned,2,51.00116855604428,../figures/fig21/rois.json,PM,,,,,,not measurable from complete field boundary,No complete field boundary in this figure.,fig21,,whole_hemisphere,unmeasured,injected hemisphere,,,,True,whole_drawn_neocortex,,Own figure scale bar.,,main_reconstructed_case
21,27,191,87-51,Callithrix jacchus,not assigned,2,51.00116855604428,../figures/fig21/rois.json,PP,,,,,,not measurable from complete field boundary,No complete field boundary in this figure.,fig21,,whole_hemisphere,unmeasured,injected hemisphere,,,,True,whole_drawn_neocortex,,Own figure scale bar.,,main_reconstructed_case
21,27,191,87-51,Callithrix jacchus,not assigned,2,51.00116855604428,../figures/fig21/rois.json,IT,,,,,,not measurable from complete field boundary,No complete field boundary in this figure.,fig21,,whole_hemisphere,unmeasured,injected hemisphere,,,,True,whole_drawn_neocortex,,Own figure scale bar.,,main_reconstructed_case
22,28,192,88-5,Galago senegalensis,not assigned,1,26.031500096487754,../figures/fig22/rois.json,Neocortex outline,346561,511.4242264604425,100.0,438.00245750980463,604.2444098759962,provisional image-derived estimate,"Total drawn tissue, repaired at documented small scan gaps if needed; no shrinkage correction.",fig22,,whole_hemisphere,complete,injected hemisphere,,,,True,whole_drawn_neocortex,100.0,Own figure scale bar.,,main_reconstructed_case
22,28,192,88-5,Galago senegalensis,not assigned,1,26.031500096487754,../figures/fig22/rois.json,17,69572.5625,102.66906535770987,20.075127466737456,84.77598289364792,122.89247234694965,provisional image-derived estimate,Includes the detached-looking calcarine extension; follows tissue mask.,fig22,,whole_hemisphere,complete,injected hemisphere,,,,True,whole_drawn_neocortex,20.075127466737456,Own figure scale bar.,,main_reconstructed_case
22,28,192,88-5,Galago senegalensis,not assigned,1,26.031500096487754,../figures/fig22/rois.json,18,21766.666015625,32.121330241036404,6.280760390126125,25.07747234694407,41.327208441422634,provisional image-derived estimate,Field includes narrow ventral limb; border crosses dense transported label.,fig22,,whole_hemisphere,complete,injected hemisphere,,,,True,whole_drawn_neocortex,6.280760390126125,Own figure scale bar.,,main_reconstructed_case
22,28,192,88-5,Galago senegalensis,not assigned,1,26.031500096487754,../figures/fig22/rois.json,DM,2821.22216796875,4.16331140816904,0.8140622193405346,3.046712448545248,5.658747106321246,provisional image-derived estimate,DM/DI boundary is dashed and approximate.,fig22,,whole_hemisphere,complete,injected hemisphere,,,,True,whole_drawn_neocortex,0.8140622193405346,Own figure scale bar.,,main_reconstructed_case
22,28,192,88-5,Galago senegalensis,not assigned,1,26.031500096487754,../figures/fig22/rois.json,DI,1610.2222900390625,2.376224356210277,0.46462882148858714,1.576807319861137,3.5341195973077304,provisional image-derived estimate,Outer and shared borders are dashed.,fig22,,whole_hemisphere,complete,injected hemisphere,,,,True,whole_drawn_neocortex,0.46462882148858714,Own figure scale bar.,,main_reconstructed_case
22,28,192,88-5,Galago senegalensis,not assigned,1,26.031500096487754,../figures/fig22/rois.json,DL,9794.888671875,14.454434752553874,2.8263101364189853,11.390173940885534,18.482700921931755,provisional image-derived estimate,Includes the rounded inferior DL tip; tracer marks ignored for contour.,fig22,,whole_hemisphere,complete,injected hemisphere,,,,True,whole_drawn_neocortex,2.8263101364189853,Own figure scale bar.,,main_reconstructed_case
22,28,192,88-5,Galago senegalensis,not assigned,1,26.031500096487754,../figures/fig22/rois.json,MT,8231.77734375,12.147732608175588,2.3752751589907692,9.721736171444089,15.28969918874437,provisional image-derived estimate,Black injection mass is included.,fig22,,whole_hemisphere,complete,injected hemisphere,,,,True,whole_drawn_neocortex,2.3752751589907692,Own figure scale bar.,,main_reconstructed_case
22,28,192,88-5,Galago senegalensis,not assigned,1,26.031500096487754,../figures/fig22/rois.json,MST,7372.0,10.878948864605025,2.127186844451626,8.664168065871364,13.767655520918062,provisional image-derived estimate,Shared MT boundary locally obscured; outer solid envelope traced.,fig22,,whole_hemisphere,complete,injected hemisphere,,,,True,whole_drawn_neocortex,2.127186844451626,Own figure scale bar.,,main_reconstructed_case
22,28,192,88-5,Galago senegalensis,not assigned,1,26.031500096487754,../figures/fig22/rois.json,FST,7058.6669921875,10.41655958495431,2.036774764669856,8.073660724131601,13.455974223752264,provisional image-derived estimate,Peripheral tracer does not define FST boundary.,fig22,,whole_hemisphere,complete,injected hemisphere,,,,True,whole_drawn_neocortex,2.036774764669856,Own figure scale bar.,,main_reconstructed_case
22,28,192,88-5,Galago senegalensis,not assigned,1,26.031500096487754,../figures/fig22/rois.json,3b,16104.6669921875,23.765850337696723,4.646993456328756,18.63661532852824,30.472041486242745,provisional image-derived estimate,Concave 3b perimeter skirts UZ; UZ is not separately enclosed.,fig22,,whole_hemisphere,complete,injected hemisphere,,,,True,whole_drawn_neocortex,4.646993456328756,Own figure scale bar.,,main_reconstructed_case
22,28,192,88-5,Galago senegalensis,not assigned,1,26.031500096487754,../figures/fig22/rois.json,M,8769.0,12.940518528719679,2.530290482772153,9.600834883803405,17.398742632899594,provisional image-derived estimate,Drawn compartment labelled M also contains the unseparated UZ recess; these cannot be split by a visible border.,fig22,,whole_hemisphere,complete,injected hemisphere,,,,True,whole_drawn_neocortex,2.530290482772153,Own figure scale bar.,,main_reconstructed_case
22,28,192,88-5,Galago senegalensis,not assigned,1,26.031500096487754,../figures/fig22/rois.json,SII,1582.3333740234375,2.3350683481767383,0.4565814889798441,1.645530157046368,3.2657273691927386,provisional image-derived estimate,Dashed outline.,fig22,,whole_hemisphere,complete,injected hemisphere,,,,True,whole_drawn_neocortex,0.4565814889798441,Own figure scale bar.,,main_reconstructed_case
22,28,192,88-5,Galago senegalensis,not assigned,1,26.031500096487754,../figures/fig22/rois.json,PV,1609.22216796875,2.37474846406957,0.46434023677469477,1.6595292535100263,3.3401845679601236,provisional image-derived estimate,Dashed outline.,fig22,,whole_hemisphere,complete,injected hemisphere,,,,True,whole_drawn_neocortex,0.46434023677469477,Own figure scale bar.,,main_reconstructed_case
22,28,192,88-5,Galago senegalensis,not assigned,1,26.031500096487754,../figures/fig22/rois.json,AI,2788.5556640625,4.115105056353859,0.804636316279818,3.02889541668241,5.553121777837282,provisional image-derived estimate,Drawn border traced; provisional manual digitization.,fig22,,whole_hemisphere,complete,injected hemisphere,,,,True,whole_drawn_neocortex,0.804636316279818,Own figure scale bar.,,main_reconstructed_case
22,28,192,88-5,Galago senegalensis,not assigned,1,26.031500096487754,../figures/fig22/rois.json,FEF,1162.4443359375,1.7154330559704027,0.33542272094595177,1.2077402312737846,2.425919429607119,provisional image-derived estimate,Stars interrupt physiological border.,fig22,,whole_hemisphere,complete,injected hemisphere,,,,True,whole_drawn_neocortex,0.33542272094595177,Own figure scale bar.,,main_reconstructed_case
22,28,192,88-5,Galago senegalensis,not assigned,1,26.031500096487754,../figures/fig22/rois.json,FV,2099.888916015625,3.0988312722035896,0.6059218769612348,2.292033884640765,4.197308135166065,provisional image-derived estimate,Dashed border; an estimated closure across scattered tracer.,fig22,,whole_hemisphere,complete,injected hemisphere,,,,True,whole_drawn_neocortex,0.6059218769612348,Own figure scale bar.,,main_reconstructed_case
22,28,192,88-5,Galago senegalensis,not assigned,1,26.031500096487754,../figures/fig22/rois.json,UZ,,,,,,not measurable from complete field boundary,UZ lies within a recess of the same drawn M compartment and has no separate closed boundary.,fig22,,whole_hemisphere,unmeasured,injected hemisphere,,,,True,whole_drawn_neocortex,,Own figure scale bar.,,main_reconstructed_case
22,28,192,88-5,Galago senegalensis,not assigned,1,26.031500096487754,../figures/fig22/rois.json,PP,,,,,,not measurable from complete field boundary,No complete field boundary in this figure.,fig22,,whole_hemisphere,unmeasured,injected hemisphere,,,,True,whole_drawn_neocortex,,Own figure scale bar.,,main_reconstructed_case
22,28,192,88-5,Galago senegalensis,not assigned,1,26.031500096487754,../figures/fig22/rois.json,IT,,,,,,not measurable from complete field boundary,No complete field boundary in this figure.,fig22,,whole_hemisphere,unmeasured,injected hemisphere,,,,True,whole_drawn_neocortex,,Own figure scale bar.,,main_reconstructed_case
23,29,193,88-10,Galago senegalensis,not assigned,1,21.019542876845637,../figures/fig23/rois.json,Neocortex outline,350323,792.9067543078756,100.0,655.8452981812445,976.1570756695342,provisional image-derived estimate,"Total drawn tissue, repaired at documented small scan gaps if needed; no shrinkage correction.",fig23,,whole_hemisphere,complete,injected hemisphere,,,,True,whole_drawn_neocortex,100.0,Own figure scale bar.,,main_reconstructed_case
23,29,193,88-10,Galago senegalensis,not assigned,1,21.019542876845637,../figures/fig23/rois.json,17,50812.4453125,115.00681111768513,14.50445597705546,91.78912865070714,143.2232230881421,provisional image-derived estimate,Outer border clipped to tissue; cortical cuts retained.,fig23,,whole_hemisphere,complete,injected hemisphere,,,,True,whole_drawn_neocortex,14.50445597705546,Own figure scale bar.,,main_reconstructed_case
23,29,193,88-10,Galago senegalensis,not assigned,1,21.019542876845637,../figures/fig23/rois.json,18,28057.5546875,63.504322071577796,8.009052984674144,48.807381613381004,83.4266290209813,provisional image-derived estimate,Ventral outer edge meets the tissue margin; visible anatomical contours used.,fig23,,whole_hemisphere,complete,injected hemisphere,,,,True,whole_drawn_neocortex,8.009052984674144,Own figure scale bar.,,main_reconstructed_case
23,29,193,88-10,Galago senegalensis,not assigned,1,21.019542876845637,../figures/fig23/rois.json,DM,3404.77783203125,7.706234931578297,0.971896744441915,5.535013350038529,10.775605551005171,provisional image-derived estimate,Drawn border traced; provisional manual digitization.,fig23,,whole_hemisphere,complete,injected hemisphere,,,,True,whole_drawn_neocortex,0.971896744441915,Own figure scale bar.,,main_reconstructed_case
23,29,193,88-10,Galago senegalensis,not assigned,1,21.019542876845637,../figures/fig23/rois.json,DL,9261.0,20.960968739264157,2.643560371428653,15.940762962078233,27.873378853459503,provisional image-derived estimate,Rostral border partly under injection mass.,fig23,,whole_hemisphere,complete,injected hemisphere,,,,True,whole_drawn_neocortex,2.643560371428653,Own figure scale bar.,,main_reconstructed_case
23,29,193,88-10,Galago senegalensis,not assigned,1,21.019542876845637,../figures/fig23/rois.json,MT,8191.88916015625,18.54118697781579,2.3383817677275687,14.353669123898074,24.310075735130702,provisional image-derived estimate,Contour includes black injection field; estimated locally under dense label.,fig23,,whole_hemisphere,complete,injected hemisphere,,,,True,whole_drawn_neocortex,2.3383817677275687,Own figure scale bar.,,main_reconstructed_case
23,29,193,88-10,Galago senegalensis,not assigned,1,21.019542876845637,../figures/fig23/rois.json,MST,5866.77783203125,13.278625066128384,1.6746767503222026,9.875460232100792,18.048724638920667,provisional image-derived estimate,Drawn border traced; provisional manual digitization.,fig23,,whole_hemisphere,complete,injected hemisphere,,,,True,whole_drawn_neocortex,1.6746767503222026,Own figure scale bar.,,main_reconstructed_case
23,29,193,88-10,Galago senegalensis,not assigned,1,21.019542876845637,../figures/fig23/rois.json,FST,8763.7783203125,19.83557751969671,2.501628017661558,14.948121631658775,26.64045938815722,provisional image-derived estimate,Shared border under injection estimated; ventral solid edge clear.,fig23,,whole_hemisphere,complete,injected hemisphere,,,,True,whole_drawn_neocortex,2.501628017661558,Own figure scale bar.,,main_reconstructed_case
23,29,193,88-10,Galago senegalensis,not assigned,1,21.019542876845637,../figures/fig23/rois.json,3b,15480.0009765625,35.03680126913996,4.418779519632596,27.074952789977083,45.55443916752545,provisional image-derived estimate,Drawn border traced; provisional manual digitization.,fig23,,whole_hemisphere,complete,injected hemisphere,,,,True,whole_drawn_neocortex,4.418779519632596,Own figure scale bar.,,main_reconstructed_case
23,29,193,88-10,Galago senegalensis,not assigned,1,21.019542876845637,../figures/fig23/rois.json,MI,6499.0,14.709570871015845,1.855145108942319,10.860552959247098,20.03908790129207,provisional image-derived estimate,Rostral edge partly interrupted by tracer; MI kept as printed label.,fig23,,whole_hemisphere,complete,injected hemisphere,,,,True,whole_drawn_neocortex,1.855145108942319,Own figure scale bar.,,main_reconstructed_case
23,29,193,88-10,Galago senegalensis,not assigned,1,21.019542876845637,../figures/fig23/rois.json,SII,1602.6666259765625,3.62741011192708,0.4574825592314985,2.287226791764984,5.191530842685406,provisional image-derived estimate,SII is split by the flattening cut; measured only preserved tissue.,fig23,,whole_hemisphere,complete,injected hemisphere,,,,True,whole_drawn_neocortex,0.4574825592314985,Own figure scale bar.,,main_reconstructed_case
23,29,193,88-10,Galago senegalensis,not assigned,1,21.019542876845637,../figures/fig23/rois.json,AI,3518.22216796875,7.96300020306437,1.004279527170283,5.857716139965767,10.916589615423145,provisional image-derived estimate,Drawn border traced; provisional manual digitization.,fig23,,whole_hemisphere,complete,injected hemisphere,,,,True,whole_drawn_neocortex,1.004279527170283,Own figure scale bar.,,main_reconstructed_case
23,29,193,88-10,Galago senegalensis,not assigned,1,21.019542876845637,../figures/fig23/rois.json,DI,,,,,,not measurable from complete field boundary,DI has no closed rostral/lateral boundary in this drawing.,fig23,,whole_hemisphere,unmeasured,injected hemisphere,,,,True,whole_drawn_neocortex,,Own figure scale bar.,,main_reconstructed_case
23,29,193,88-10,Galago senegalensis,not assigned,1,21.019542876845637,../figures/fig23/rois.json,PP,,,,,,not measurable from complete field boundary,No complete field boundary in this figure.,fig23,,whole_hemisphere,unmeasured,injected hemisphere,,,,True,whole_drawn_neocortex,,Own figure scale bar.,,main_reconstructed_case
23,29,193,88-10,Galago senegalensis,not assigned,1,21.019542876845637,../figures/fig23/rois.json,IT,,,,,,not measurable from complete field boundary,No complete field boundary in this figure.,fig23,,whole_hemisphere,unmeasured,injected hemisphere,,,,True,whole_drawn_neocortex,,Own figure scale bar.,,main_reconstructed_case
24,30,194,88-11,Galago senegalensis,not assigned,1,23.07584815213269,../figures/fig24/rois.json,Neocortex outline,326016,612.2426352864367,100.0,514.8997250841423,739.0238042213794,provisional image-derived estimate,"Total drawn tissue, repaired at documented small scan gaps if needed; no shrinkage correction.",fig24,,whole_hemisphere,complete,injected hemisphere,,,,True,whole_drawn_neocortex,100.0,Own figure scale bar.,,main_reconstructed_case
24,30,194,88-11,Galago senegalensis,not assigned,1,23.07584815213269,../figures/fig24/rois.json,17,53686.5546875,100.82081162067014,16.46746009014895,82.1774032463767,123.2734425766449,provisional image-derived estimate,V1 outer edge follows total-tissue contour; inferior short internal border retained.,fig24,,whole_hemisphere,complete,injected hemisphere,,,,True,whole_drawn_neocortex,16.46746009014895,Own figure scale bar.,,main_reconstructed_case
24,30,194,88-11,Galago senegalensis,not assigned,1,23.07584815213269,../figures/fig24/rois.json,18,16581.111328125,31.138543186558444,5.085980850057973,24.047462204409694,40.68291507574465,provisional image-derived estimate,Tracer obscures dorsal tip; shared boundary follows visible stripe.,fig24,,whole_hemisphere,complete,injected hemisphere,,,,True,whole_drawn_neocortex,5.085980850057973,Own figure scale bar.,,main_reconstructed_case
24,30,194,88-11,Galago senegalensis,not assigned,1,23.07584815213269,../figures/fig24/rois.json,DM,3088.0,5.799118011890571,0.947192775814684,4.099884767076793,8.167650705262664,provisional image-derived estimate,Field separated from DI by solid diagonal.,fig24,,whole_hemisphere,complete,injected hemisphere,,,,True,whole_drawn_neocortex,0.947192775814684,Own figure scale bar.,,main_reconstructed_case
24,30,194,88-11,Galago senegalensis,not assigned,1,23.07584815213269,../figures/fig24/rois.json,DI,3106.44482421875,5.83375651977694,0.9528504196784053,4.18099187457133,8.120373785524373,provisional image-derived estimate,Drawn border traced; provisional manual digitization.,fig24,,whole_hemisphere,complete,injected hemisphere,,,,True,whole_drawn_neocortex,0.9528504196784053,Own figure scale bar.,,main_reconstructed_case
24,30,194,88-11,Galago senegalensis,not assigned,1,23.07584815213269,../figures/fig24/rois.json,DL,7053.4443359375,13.246035004664082,2.163527046506153,10.151111120345682,17.422670564505996,provisional image-derived estimate,Narrow DL envelope separate from MT injection site.,fig24,,whole_hemisphere,complete,injected hemisphere,,,,True,whole_drawn_neocortex,2.163527046506153,Own figure scale bar.,,main_reconstructed_case
24,30,194,88-11,Galago senegalensis,not assigned,1,23.07584815213269,../figures/fig24/rois.json,MT,6503.111328125,12.21253563350366,1.9947215253622521,9.51656727935901,15.837768112327135,provisional image-derived estimate,"Injected MT envelope, including tracer.",fig24,,whole_hemisphere,complete,injected hemisphere,,,,True,whole_drawn_neocortex,1.9947215253622521,Own figure scale bar.,,main_reconstructed_case
24,30,194,88-11,Galago senegalensis,not assigned,1,23.07584815213269,../figures/fig24/rois.json,MST,4522.4443359375,8.49293666007372,1.3871847810958664,6.434497194566604,11.283424844205202,provisional image-derived estimate,Short perimeter segments are tracer-obscured.,fig24,,whole_hemisphere,complete,injected hemisphere,,,,True,whole_drawn_neocortex,1.3871847810958664,Own figure scale bar.,,main_reconstructed_case
24,30,194,88-11,Galago senegalensis,not assigned,1,23.07584815213269,../figures/fig24/rois.json,FST,9425.333984375,17.700331631111847,2.8910648509198933,13.770714584219531,23.071136832285497,provisional image-derived estimate,Ventral solid border visible; shared injected-MT border interpolated.,fig24,,whole_hemisphere,complete,injected hemisphere,,,,True,whole_drawn_neocortex,2.8910648509198933,Own figure scale bar.,,main_reconstructed_case
24,30,194,88-11,Galago senegalensis,not assigned,1,23.07584815213269,../figures/fig24/rois.json,3b,21116.77734375,39.65630953601792,6.477221162074867,31.70333701771756,50.259868245586816,provisional image-derived estimate,Drawn border traced; provisional manual digitization.,fig24,,whole_hemisphere,complete,injected hemisphere,,,,True,whole_drawn_neocortex,6.477221162074867,Own figure scale bar.,,main_reconstructed_case
24,30,194,88-11,Galago senegalensis,not assigned,1,23.07584815213269,../figures/fig24/rois.json,M,7134.22216796875,13.397731954370652,2.188304306527517,9.853718392865714,18.24213717330302,provisional image-derived estimate,Drawn border traced; provisional manual digitization.,fig24,,whole_hemisphere,complete,injected hemisphere,,,,True,whole_drawn_neocortex,2.188304306527517,Own figure scale bar.,,main_reconstructed_case
24,30,194,88-11,Galago senegalensis,not assigned,1,23.07584815213269,../figures/fig24/rois.json,SII,1851.77783203125,3.4775512240129838,0.5680021324202646,2.439574566600388,4.950568881166648,provisional image-derived estimate,Dashed border.,fig24,,whole_hemisphere,complete,injected hemisphere,,,,True,whole_drawn_neocortex,0.5680021324202646,Own figure scale bar.,,main_reconstructed_case
24,30,194,88-11,Galago senegalensis,not assigned,1,23.07584815213269,../figures/fig24/rois.json,PV,2456.4443359375,4.613086332170249,0.7534735521991252,3.2649586605153824,6.461179030899626,provisional image-derived estimate,Dashed outer border.,fig24,,whole_hemisphere,complete,injected hemisphere,,,,True,whole_drawn_neocortex,0.7534735521991252,Own figure scale bar.,,main_reconstructed_case
24,30,194,88-11,Galago senegalensis,not assigned,1,23.07584815213269,../figures/fig24/rois.json,AI,4063.0,7.630121917846953,1.2462578523753436,5.725207587849672,10.229824918609026,provisional image-derived estimate,Drawn border traced; provisional manual digitization.,fig24,,whole_hemisphere,complete,injected hemisphere,,,,True,whole_drawn_neocortex,1.2462578523753436,Own figure scale bar.,,main_reconstructed_case
24,30,194,88-11,Galago senegalensis,not assigned,1,23.07584815213269,../figures/fig24/rois.json,FV,1712.4443359375,3.2158895054712255,0.5252638937774526,2.294854041463077,4.51832275784514,provisional image-derived estimate,Drawn border traced; provisional manual digitization.,fig24,,whole_hemisphere,complete,injected hemisphere,,,,True,whole_drawn_neocortex,0.5252638937774526,Own figure scale bar.,,main_reconstructed_case
24,30,194,88-11,Galago senegalensis,not assigned,1,23.07584815213269,../figures/fig24/rois.json,PP,,,,,,not measurable from complete field boundary,No complete field boundary in this figure.,fig24,,whole_hemisphere,unmeasured,injected hemisphere,,,,True,whole_drawn_neocortex,,Own figure scale bar.,,main_reconstructed_case
24,30,194,88-11,Galago senegalensis,not assigned,1,23.07584815213269,../figures/fig24/rois.json,IT,,,,,,not measurable from complete field boundary,No complete field boundary in this figure.,fig24,,whole_hemisphere,unmeasured,injected hemisphere,,,,True,whole_drawn_neocortex,,Own figure scale bar.,,main_reconstructed_case
25,31,195,87-35,Saimiri sciureus,not assigned,5,70.0,../figures/fig25A/rois.json,MT,8104.22265625,41.34807477678571,,36.193094135802475,47.04260380622838,provisional image-derived estimate,Manual contour follows the published anatomical boundary; dashed/dotted gaps interpolated.,fig25A,A,contralateral_partial,complete,opposite injected hemisphere,fig12,,,False,none,,Own panel scale bar.,,linked_existing_case
25,31,195,87-35,Saimiri sciureus,not assigned,5,70.0,../figures/fig25A/rois.json,MST,,,,,,boundary not measurable,No complete boundary in the visible panel; open or cropped territory cannot be interpreted as a complete field.,fig25A,A,contralateral_partial,unmeasured,opposite injected hemisphere,fig12,,,False,none,,Own panel scale bar.,,linked_existing_case
25,31,195,87-35,Saimiri sciureus,not assigned,5,70.0,../figures/fig25A/rois.json,FST,,,,,,boundary not measurable,No complete boundary in the visible panel; open or cropped territory cannot be interpreted as a complete field.,fig25A,A,contralateral_partial,unmeasured,opposite injected hemisphere,fig12,,,False,none,,Own panel scale bar.,,linked_existing_case
25,31,195,87-35,Saimiri sciureus,not assigned,5,70.0,../figures/fig25A/rois.json,DL,,,,,,boundary not measurable,No complete boundary in the visible panel; open or cropped territory cannot be interpreted as a complete field.,fig25A,A,contralateral_partial,unmeasured,opposite injected hemisphere,fig12,,,False,none,,Own panel scale bar.,,linked_existing_case
25,31,195,87-35,Saimiri sciureus,not assigned,5,70.0,../figures/fig25A/rois.json,IT,,,,,,boundary not measurable,No complete boundary in the visible panel; open or cropped territory cannot be interpreted as a complete field.,fig25A,A,contralateral_partial,unmeasured,opposite injected hemisphere,fig12,,,False,none,,Own panel scale bar.,,linked_existing_case
25,31,195,87-16,Saimiri sciureus,not assigned,5,75.0,../figures/fig25B/rois.json,MT,9327.0,41.45333333333333,,36.71782762691853,46.81929067367235,provisional image-derived estimate,Manual contour follows the published anatomical boundary; dashed/dotted gaps interpolated.,fig25B,B,contralateral_partial,complete,opposite injected hemisphere,fig13,,,False,none,,Own panel scale bar.,,linked_existing_case
25,31,195,87-16,Saimiri sciureus,not assigned,5,75.0,../figures/fig25B/rois.json,MST,11980.2216796875,53.2454296875,,46.98937426210152,60.25051604428597,provisional image-derived estimate,Manual contour follows the published anatomical boundary; dashed/dotted gaps interpolated.,fig25B,B,contralateral_partial,complete,opposite injected hemisphere,fig13,,,False,none,,Own panel scale bar.,,linked_existing_case
25,31,195,87-16,Saimiri sciureus,not assigned,5,75.0,../figures/fig25B/rois.json,FST,13388.22265625,59.50321180555556,,52.48355540563331,67.82229311315443,provisional image-derived estimate,"Visible FST fragment; left edge is the panel frame, not the anatomical extent of FST. Dashed lower boundary interpolated.",fig25B,B,contralateral_partial,partial,opposite injected hemisphere,fig13,,,False,none,,Own panel scale bar.,,linked_existing_case
25,31,195,87-16,Saimiri sciureus,not assigned,5,75.0,../figures/fig25B/rois.json,DI,,,,,,boundary not measurable,No complete boundary in the visible panel; open or cropped territory cannot be interpreted as a complete field.,fig25B,B,contralateral_partial,unmeasured,opposite injected hemisphere,fig13,,,False,none,,Own panel scale bar.,,linked_existing_case
25,31,195,87-16,Saimiri sciureus,not assigned,5,75.0,../figures/fig25B/rois.json,DL,,,,,,boundary not measurable,No complete boundary in the visible panel; open or cropped territory cannot be interpreted as a complete field.,fig25B,B,contralateral_partial,unmeasured,opposite injected hemisphere,fig13,,,False,none,,Own panel scale bar.,,linked_existing_case
25,31,195,86-23,Saimiri sciureus,not assigned,5,77.00649323271382,../figures/fig25C/rois.json,MT,8895.888671875,37.50374650874789,,33.1502946154582,42.35266619674203,provisional image-derived estimate,Manual contour follows the published anatomical boundary; dashed/dotted gaps interpolated.,fig25C,C,contralateral_partial,complete,opposite injected hemisphere,fig14,,,False,none,,Own panel scale bar.,,linked_existing_case
25,31,195,86-23,Saimiri sciureus,not assigned,5,77.00649323271382,../figures/fig25C/rois.json,FST,,,,,,boundary not measurable,No complete boundary in the visible panel; open or cropped territory cannot be interpreted as a complete field.,fig25C,C,contralateral_partial,unmeasured,opposite injected hemisphere,fig14,,,False,none,,Own panel scale bar.,,linked_existing_case
25,31,195,86-23,Saimiri sciureus,not assigned,5,77.00649323271382,../figures/fig25C/rois.json,DL,,,,,,boundary not measurable,No complete boundary in the visible panel; open or cropped territory cannot be interpreted as a complete field.,fig25C,C,contralateral_partial,unmeasured,opposite injected hemisphere,fig14,,,False,none,,Own panel scale bar.,,linked_existing_case
25,31,195,87-15,Saimiri sciureus,not assigned,5,75.00166664814856,../figures/fig25D/rois.json,MT,8731.111328125,38.80321464879339,,34.25387218339409,44.002494412291306,provisional image-derived estimate,Manual contour follows the published anatomical boundary; dashed/dotted gaps interpolated.,fig25D,D,contralateral_partial,complete,opposite injected hemisphere,fig15,,,False,none,,Own panel scale bar.,,linked_existing_case
25,31,195,87-15,Saimiri sciureus,not assigned,5,75.00166664814856,../figures/fig25D/rois.json,MST,9218.0,40.96706813030532,,35.71695608881479,46.93443034061562,provisional image-derived estimate,Manual contour follows the published anatomical boundary; dashed/dotted gaps interpolated.,fig25D,D,contralateral_partial,complete,opposite injected hemisphere,fig15,,,False,none,,Own panel scale bar.,,linked_existing_case
25,31,195,87-15,Saimiri sciureus,not assigned,5,75.00166664814856,../figures/fig25D/rois.json,FST,,,,,,boundary not measurable,No complete boundary in the visible panel; open or cropped territory cannot be interpreted as a complete field.,fig25D,D,contralateral_partial,unmeasured,opposite injected hemisphere,fig15,,,False,none,,Own panel scale bar.,,linked_existing_case
25,31,195,87-15,Saimiri sciureus,not assigned,5,75.00166664814856,../figures/fig25D/rois.json,DI,,,,,,boundary not measurable,No complete boundary in the visible panel; open or cropped territory cannot be interpreted as a complete field.,fig25D,D,contralateral_partial,unmeasured,opposite injected hemisphere,fig15,,,False,none,,Own panel scale bar.,,linked_existing_case
25,31,195,87-15,Saimiri sciureus,not assigned,5,75.00166664814856,../figures/fig25D/rois.json,DL,,,,,,boundary not measurable,No complete boundary in the visible panel; open or cropped territory cannot be interpreted as a complete field.,fig25D,D,contralateral_partial,unmeasured,opposite injected hemisphere,fig15,,,False,none,,Own panel scale bar.,,linked_existing_case
25,31,195,86-25,Saimiri sciureus,not assigned,5,101.0,../figures/fig25E/rois.json,MT,8787.5546875,21.5360128602588,,19.259590913375433,24.05621875318845,provisional image-derived estimate,"Approximate dashed MT boundary, partly coincident with a drawn tissue cut at left; thick central contour marks injection projection and is not the field border.",fig25E,E,contralateral_partial,complete,opposite injected hemisphere,,,Printed specimen 86-25 conflicts with 87-25 in Figure 16; linkage unresolved.,False,none,,Own panel scale bar.,,unresolved_label_discrepancy
25,31,195,86-25,Saimiri sciureus,not assigned,5,101.0,../figures/fig25E/rois.json,MST,,,,,,boundary not measurable,No complete boundary in the visible panel; open or cropped territory cannot be interpreted as a complete field.,fig25E,E,contralateral_partial,unmeasured,opposite injected hemisphere,,,Printed specimen 86-25 conflicts with 87-25 in Figure 16; linkage unresolved.,False,none,,Own panel scale bar.,,unresolved_label_discrepancy
25,31,195,86-25,Saimiri sciureus,not assigned,5,101.0,../figures/fig25E/rois.json,FST,,,,,,boundary not measurable,No complete boundary in the visible panel; open or cropped territory cannot be interpreted as a complete field.,fig25E,E,contralateral_partial,unmeasured,opposite injected hemisphere,,,Printed specimen 86-25 conflicts with 87-25 in Figure 16; linkage unresolved.,False,none,,Own panel scale bar.,,unresolved_label_discrepancy
26,32,196,87-54,Aotus trivirgatus,not assigned,2,59.00847396772772,../figures/fig26A/rois.json,MT,21448.111328125,24.638841272975302,,21.994426243892338,27.616288024041207,provisional image-derived estimate,Manual contour follows the published anatomical boundary; dashed/dotted gaps interpolated.,fig26A,A,contralateral_partial,complete,opposite injected hemisphere,fig18,,,False,none,,Own panel scale bar.,,linked_existing_case
26,32,196,87-54,Aotus trivirgatus,not assigned,2,59.00847396772772,../figures/fig26A/rois.json,MST,21828.11328125,25.07537424612292,,22.350145734106757,28.189832467360716,provisional image-derived estimate,Manual contour follows the published anatomical boundary; dashed/dotted gaps interpolated.,fig26A,A,contralateral_partial,complete,opposite injected hemisphere,fig18,,,False,none,,Own panel scale bar.,,linked_existing_case
26,32,196,87-54,Aotus trivirgatus,not assigned,2,59.00847396772772,../figures/fig26A/rois.json,FST,25658.443359375,29.47552367533027,,26.32754100082451,33.0428061583668,provisional image-derived estimate,"Dashed FST outline; sparse segments interpolated, shared MT border retained.",fig26A,A,contralateral_partial,complete,opposite injected hemisphere,fig18,,,False,none,,Own panel scale bar.,,linked_existing_case
26,32,196,87-54,Aotus trivirgatus,not assigned,2,59.00847396772772,../figures/fig26A/rois.json,DL,,,,,,boundary not measurable,No complete boundary in the visible panel; open or cropped territory cannot be interpreted as a complete field.,fig26A,A,contralateral_partial,unmeasured,opposite injected hemisphere,fig18,,,False,none,,Own panel scale bar.,,linked_existing_case
26,32,196,88-5,Galago senegalensis,not assigned,1,41.0,../figures/fig26B/rois.json,MT,16756.666015625,9.968272466165972,,8.604651162790697,11.584483892176198,provisional image-derived estimate,Manual contour follows the published anatomical boundary; dashed/dotted gaps interpolated.,fig26B,B,contralateral_partial,complete,opposite injected hemisphere,fig22,,,False,none,,Own panel scale bar.,,linked_existing_case
26,32,196,88-5,Galago senegalensis,not assigned,1,41.0,../figures/fig26B/rois.json,MST,9890.666015625,5.883798938503867,,4.924824229313142,7.00723208415516,provisional image-derived estimate,"Visible MST portion between MT, upper dashed boundary and top/left panel edges; no whole-field claim.",fig26B,B,contralateral_partial,partial,opposite injected hemisphere,fig22,,,False,none,,Own panel scale bar.,,linked_existing_case
26,32,196,88-5,Galago senegalensis,not assigned,1,41.0,../figures/fig26B/rois.json,FST,14163.4443359375,8.42560638663742,,7.1460248783126,9.994082840236684,provisional image-derived estimate,FST portion clipped by the left panel edge; complete anatomical upper/lower sides retained where visible.,fig26B,B,contralateral_partial,partial,opposite injected hemisphere,fig22,,,False,none,,Own panel scale bar.,,linked_existing_case
26,32,196,88-5,Galago senegalensis,not assigned,1,41.0,../figures/fig26B/rois.json,IT,,,,,,boundary not measurable,No complete boundary in the visible panel; open or cropped territory cannot be interpreted as a complete field.,fig26B,B,contralateral_partial,unmeasured,opposite injected hemisphere,fig22,,,False,none,,Own panel scale bar.,,linked_existing_case
26,32,196,87-51,Callithrix jacchus,not assigned,2,58.0,../figures/fig26C/rois.json,MT,12540.6669921875,14.911613546001782,,13.105555555555556,16.96173469387755,provisional image-derived estimate,Manual contour follows the published anatomical boundary; dashed/dotted gaps interpolated.,fig26C,C,contralateral_partial,complete,opposite injected hemisphere,fig21,,Panel D is a magnified repeat of MT in this panel.,False,none,,Own panel scale bar.,,linked_existing_case
26,32,196,87-51,Callithrix jacchus,not assigned,2,58.0,../figures/fig26C/rois.json,MST,11038.111328125,13.124983743311534,,11.36888888888889,15.145408163265305,provisional image-derived estimate,Manual contour follows the published anatomical boundary; dashed/dotted gaps interpolated.,fig26C,C,contralateral_partial,complete,opposite injected hemisphere,fig21,,Panel D is a magnified repeat of MT in this panel.,False,none,,Own panel scale bar.,,linked_existing_case
26,32,196,87-51,Callithrix jacchus,not assigned,2,58.0,../figures/fig26C/rois.json,FST,16863.443359375,20.051656788793103,,17.554444444444446,22.896683673469386,provisional image-derived estimate,Manual contour follows the published anatomical boundary; dashed/dotted gaps interpolated.,fig26C,C,contralateral_partial,complete,opposite injected hemisphere,fig21,,Panel D is a magnified repeat of MT in this panel.,False,none,,Own panel scale bar.,,linked_existing_case
26,32,196,87-51,Callithrix jacchus,not assigned,2,58.0,../figures/fig26C/rois.json,DL,26553.888671875,31.574183914238997,,27.97111111111111,35.649234693877546,provisional image-derived estimate,Manual contour follows the published anatomical boundary; dashed/dotted gaps interpolated.,fig26C,C,contralateral_partial,complete,opposite injected hemisphere,fig21,,Panel D is a magnified repeat of MT in this panel.,False,none,,Own panel scale bar.,,linked_existing_case
26,32,196,87-51,Callithrix jacchus,not assigned,2,58.0,../figures/fig26C/rois.json,IT,,,,,,boundary not measurable,No complete boundary in the visible panel; open or cropped territory cannot be interpreted as a complete field.,fig26C,C,contralateral_partial,unmeasured,opposite injected hemisphere,fig21,,Panel D is a magnified repeat of MT in this panel.,False,none,,Own panel scale bar.,,linked_existing_case
26,32,196,87-51,Callithrix jacchus,not assigned,1,66.0,../figures/fig26D/rois.json,MT,56213.6640625,12.904881557047752,,11.791955017301039,14.1494140625,provisional image-derived estimate,"Outer MT envelope includes pale and dark internal compartments. White myelin-light notches are bridged; this is a provisional envelope, not the area of the heavily myelinated subcompartment. Dashed rectangle is a zoom frame, not an areal boundary.",fig26D,D,contralateral_zoom,approximate_complete,same opposite hemisphere as fig26C,fig21,fig26C:MT,"Magnified MT from Figure 26C; repeated tissue, not an additional field or specimen.",False,none,,Own panel scale bar.,,linked_existing_case
27,33,197,not reported,Galago senegalensis,not assigned,5,88.0056816347672,../figures/fig27galago/rois.json,Drawn schematic outline,125104.0,403.8218205293737,,377.9183324557774,422.82136126351025,provisional image-derived estimate,Schematic drawn tissue outline; not a measured experimental hemisphere.,fig27galago,galago,species_summary,schematic_outline,,,, Scaled species-level summary drawing; geometry is illustrative and does not supply an independent specimen measurement.,False,schematic_tissue,100.0,Own panel scale bar.,,unlinked_or_summary
27,33,197,not reported,Galago senegalensis,not assigned,5,88.0056816347672,../figures/fig27galago/rois.json,17,25935.890625,83.71817503227888,,74.71278879606054,90.23280393123478,provisional image-derived estimate,Manual contour follows the published anatomical boundary; dashed/dotted gaps interpolated.,fig27galago,galago,species_summary,complete,,,, Scaled species-level summary drawing; geometry is illustrative and does not supply an independent specimen measurement.,False,schematic_tissue,20.731463922016882,Own panel scale bar.,,unlinked_or_summary
27,33,197,not reported,Galago senegalensis,not assigned,5,88.0056816347672,../figures/fig27galago/rois.json,18,7278.0,23.492575855390573,,18.781579207468997,28.758368741137044,provisional image-derived estimate,Manual contour follows the published anatomical boundary; dashed/dotted gaps interpolated.,fig27galago,galago,species_summary,complete,,,, Scaled species-level summary drawing; geometry is illustrative and does not supply an independent specimen measurement.,False,schematic_tissue,5.817559790254508,Own panel scale bar.,,unlinked_or_summary
27,33,197,not reported,Galago senegalensis,not assigned,5,88.0056816347672,../figures/fig27galago/rois.json,DM,783.2222290039062,2.528154386713706,,1.6633702255711125,3.531848082558257,provisional image-derived estimate,Manual contour follows the published anatomical boundary; dashed/dotted gaps interpolated.,fig27galago,galago,species_summary,complete,,,, Scaled species-level summary drawing; geometry is illustrative and does not supply an independent specimen measurement.,False,schematic_tissue,0.6260569038591142,Own panel scale bar.,,unlinked_or_summary
27,33,197,not reported,Galago senegalensis,not assigned,5,88.0056816347672,../figures/fig27galago/rois.json,DI,1018.1111450195312,3.2863497256924825,,2.333038757943898,4.403825886673118,provisional image-derived estimate,Manual contour follows the published anatomical boundary; dashed/dotted gaps interpolated.,fig27galago,galago,species_summary,complete,,,, Scaled species-level summary drawing; geometry is illustrative and does not supply an independent specimen measurement.,False,schematic_tissue,0.8138118245775765,Own panel scale bar.,,unlinked_or_summary
27,33,197,not reported,Galago senegalensis,not assigned,5,88.0056816347672,../figures/fig27galago/rois.json,DL,5033.0,16.245965138799225,,13.745178079209156,19.051701092230523,provisional image-derived estimate,Manual contour follows the published anatomical boundary; dashed/dotted gaps interpolated.,fig27galago,galago,species_summary,complete,,,, Scaled species-level summary drawing; geometry is illustrative and does not supply an independent specimen measurement.,False,schematic_tissue,4.0230528200537155,Own panel scale bar.,,unlinked_or_summary
27,33,197,not reported,Galago senegalensis,not assigned,5,88.0056816347672,../figures/fig27galago/rois.json,MT,2755.555419921875,8.894626920341752,,7.483623000018456,10.49077172082376,provisional image-derived estimate,Manual contour follows the published anatomical boundary; dashed/dotted gaps interpolated.,fig27galago,galago,species_summary,complete,,,, Scaled species-level summary drawing; geometry is illustrative and does not supply an independent specimen measurement.,False,schematic_tissue,2.202611762950725,Own panel scale bar.,,unlinked_or_summary
27,33,197,not reported,Galago senegalensis,not assigned,5,88.0056816347672,../figures/fig27galago/rois.json,MST,2376.888671875,7.672332704567462,,6.351049952180611,9.128728871760625,provisional image-derived estimate,Manual contour follows the published anatomical boundary; dashed/dotted gaps interpolated.,fig27galago,galago,species_summary,complete,,,, Scaled species-level summary drawing; geometry is illustrative and does not supply an independent specimen measurement.,False,schematic_tissue,1.8999301955772796,Own panel scale bar.,,unlinked_or_summary
27,33,197,not reported,Galago senegalensis,not assigned,5,88.0056816347672,../figures/fig27galago/rois.json,FST,2649.5556640625,8.552471478574885,,6.949739792182087,10.335302810012584,provisional image-derived estimate,Manual contour follows the published anatomical boundary; dashed/dotted gaps interpolated.,fig27galago,galago,species_summary,complete,,,, Scaled species-level summary drawing; geometry is illustrative and does not supply an independent specimen measurement.,False,schematic_tissue,2.117882453049063,Own panel scale bar.,,unlinked_or_summary
27,33,197,not reported,Galago senegalensis,not assigned,5,88.0056816347672,../figures/fig27galago/rois.json,3b,4839.22216796875,15.620471813972722,,12.859487439619341,18.761041824192233,provisional image-derived estimate,3b includes the drawn field surrounding the UZ notch; UZ itself is an open labeled indentation and not separately assigned area.,fig27galago,galago,species_summary,complete,,,, Scaled species-level summary drawing; geometry is illustrative and does not supply an independent specimen measurement.,False,schematic_tissue,3.8681594257327903,Own panel scale bar.,,unlinked_or_summary
27,33,197,not reported,Galago senegalensis,not assigned,5,88.0056816347672,../figures/fig27galago/rois.json,SII,783.0,2.5274370561652675,,1.839273941447835,3.4000374842618246,provisional image-derived estimate,Manual contour follows the published anatomical boundary; dashed/dotted gaps interpolated.,fig27galago,galago,species_summary,complete,,,, Scaled species-level summary drawing; geometry is illustrative and does not supply an independent specimen measurement.,False,schematic_tissue,0.6258792684486507,Own panel scale bar.,,unlinked_or_summary
27,33,197,not reported,Galago senegalensis,not assigned,5,88.0056816347672,../figures/fig27galago/rois.json,PV,808.888916015625,2.6110036023745153,,1.8886504230974412,3.4439743503606355,provisional image-derived estimate,Manual contour follows the published anatomical boundary; dashed/dotted gaps interpolated.,fig27galago,galago,species_summary,complete,,,, Scaled species-level summary drawing; geometry is illustrative and does not supply an independent specimen measurement.,False,schematic_tissue,0.6465731839234756,Own panel scale bar.,,unlinked_or_summary
27,33,197,not reported,Galago senegalensis,not assigned,5,88.0056816347672,../figures/fig27galago/rois.json,AI,976.77783203125,3.1529303809917684,,2.3700711191811026,4.082748788258732,provisional image-derived estimate,Manual contour follows the published anatomical boundary; dashed/dotted gaps interpolated.,fig27galago,galago,species_summary,complete,,,, Scaled species-level summary drawing; geometry is illustrative and does not supply an independent specimen measurement.,False,schematic_tissue,0.7807726627695757,Own panel scale bar.,,unlinked_or_summary
27,33,197,not reported,Galago senegalensis,not assigned,5,88.0056816347672,../figures/fig27galago/rois.json,FEF,416.6666564941406,1.3449537007557797,,0.9011207901053151,1.8892852422488666,provisional image-derived estimate,Manual contour follows the published anatomical boundary; dashed/dotted gaps interpolated.,fig27galago,galago,species_summary,complete,,,, Scaled species-level summary drawing; geometry is illustrative and does not supply an independent specimen measurement.,False,schematic_tissue,0.3330562224182605,Own panel scale bar.,,unlinked_or_summary
27,33,197,not reported,Galago senegalensis,not assigned,5,88.0056816347672,../figures/fig27galago/rois.json,FV,490.5555419921875,1.5834588185674223,,1.058508325363435,2.196843304940543,provisional image-derived estimate,Manual contour follows the published anatomical boundary; dashed/dotted gaps interpolated.,fig27galago,galago,species_summary,complete,,,, Scaled species-level summary drawing; geometry is illustrative and does not supply an independent specimen measurement.,False,schematic_tissue,0.39211819125862285,Own panel scale bar.,,unlinked_or_summary
27,33,197,not reported,Galago senegalensis,not assigned,5,88.0056816347672,../figures/fig27galago/rois.json,M (medial visual),,,,,,boundary not measurable,Named schematic territory lacks a complete separable boundary.,fig27galago,galago,species_summary,unmeasured,,,, Scaled species-level summary drawing; geometry is illustrative and does not supply an independent specimen measurement.,False,schematic_tissue,,Own panel scale bar.,,unlinked_or_summary
27,33,197,not reported,Galago senegalensis,not assigned,5,88.0056816347672,../figures/fig27galago/rois.json,M (motor),,,,,,boundary not measurable,Named schematic territory lacks a complete separable boundary.,fig27galago,galago,species_summary,unmeasured,,,, Scaled species-level summary drawing; geometry is illustrative and does not supply an independent specimen measurement.,False,schematic_tissue,,Own panel scale bar.,,unlinked_or_summary
27,33,197,not reported,Galago senegalensis,not assigned,5,88.0056816347672,../figures/fig27galago/rois.json,UZ,,,,,,boundary not measurable,Named schematic territory lacks a complete separable boundary.,fig27galago,galago,species_summary,unmeasured,,,, Scaled species-level summary drawing; geometry is illustrative and does not supply an independent specimen measurement.,False,schematic_tissue,,Own panel scale bar.,,unlinked_or_summary
27,33,197,not reported,Galago senegalensis,not assigned,5,88.0056816347672,../figures/fig27galago/rois.json,PP,,,,,,boundary not measurable,Named schematic territory lacks a complete separable boundary.,fig27galago,galago,species_summary,unmeasured,,,, Scaled species-level summary drawing; geometry is illustrative and does not supply an independent specimen measurement.,False,schematic_tissue,,Own panel scale bar.,,unlinked_or_summary
27,33,197,not reported,Galago senegalensis,not assigned,5,88.0056816347672,../figures/fig27galago/rois.json,IT,,,,,,boundary not measurable,Named schematic territory lacks a complete separable boundary.,fig27galago,galago,species_summary,unmeasured,,,, Scaled species-level summary drawing; geometry is illustrative and does not supply an independent specimen measurement.,False,schematic_tissue,,Own panel scale bar.,,unlinked_or_summary
27,33,197,not reported,Callithrix jacchus,not assigned,5,60.00833275470999,../figures/fig27marmoset/rois.json,Drawn schematic outline,118547.0,823.0144404332129,,753.0038755822203,880.7442365832818,provisional image-derived estimate,Schematic drawn tissue outline; not a measured experimental hemisphere.,fig27marmoset,marmoset,species_summary,schematic_outline,,,, Scaled species-level summary drawing; geometry is illustrative and does not supply an independent specimen measurement.,False,schematic_tissue,100.0,Own panel scale bar.,,unlinked_or_summary
27,33,197,not reported,Callithrix jacchus,not assigned,5,60.00833275470999,../figures/fig27marmoset/rois.json,17,25982.0,180.3804498750347,,157.9505163454783,198.88755694648074,provisional image-derived estimate,Manual contour follows the published anatomical boundary; dashed/dotted gaps interpolated.,fig27marmoset,marmoset,species_summary,complete,,,, Scaled species-level summary drawing; geometry is illustrative and does not supply an independent specimen measurement.,False,schematic_tissue,21.917045559988864,Own panel scale bar.,,unlinked_or_summary
27,33,197,not reported,Callithrix jacchus,not assigned,5,60.00833275470999,../figures/fig27marmoset/rois.json,18,8172.77783203125,56.73964060005033,,45.272689470776164,69.70351360746666,provisional image-derived estimate,Manual contour follows the published anatomical boundary; dashed/dotted gaps interpolated.,fig27marmoset,marmoset,species_summary,complete,,,, Scaled species-level summary drawing; geometry is illustrative and does not supply an independent specimen measurement.,False,schematic_tissue,6.894124551470092,Own panel scale bar.,,unlinked_or_summary
27,33,197,not reported,Callithrix jacchus,not assigned,5,60.00833275470999,../figures/fig27marmoset/rois.json,DM,1524.444580078125,10.583480839198312,,7.691740865134023,13.96744890023847,provisional image-derived estimate,Manual contour follows the published anatomical boundary; dashed/dotted gaps interpolated.,fig27marmoset,marmoset,species_summary,complete,,,, Scaled species-level summary drawing; geometry is illustrative and does not supply an independent specimen measurement.,False,schematic_tissue,1.2859410867235148,Own panel scale bar.,,unlinked_or_summary
27,33,197,not reported,Callithrix jacchus,not assigned,5,60.00833275470999,../figures/fig27marmoset/rois.json,DI,694.7777709960938,4.82350576920365,,3.3029622649941537,6.664256203996759,provisional image-derived estimate,Manual contour follows the published anatomical boundary; dashed/dotted gaps interpolated.,fig27marmoset,marmoset,species_summary,complete,,,, Scaled species-level summary drawing; geometry is illustrative and does not supply an independent specimen measurement.,False,schematic_tissue,0.586077902432026,Own panel scale bar.,,unlinked_or_summary
27,33,197,not reported,Callithrix jacchus,not assigned,5,60.00833275470999,../figures/fig27marmoset/rois.json,DL,4040.444580078125,28.050851014149714,,22.70461462472359,34.16081385281728,provisional image-derived estimate,Manual contour follows the published anatomical boundary; dashed/dotted gaps interpolated.,fig27marmoset,marmoset,species_summary,complete,,,, Scaled species-level summary drawing; geometry is illustrative and does not supply an independent specimen measurement.,False,schematic_tissue,3.4083060558918614,Own panel scale bar.,,unlinked_or_summary
27,33,197,not reported,Callithrix jacchus,not assigned,5,60.00833275470999,../figures/fig27marmoset/rois.json,MT,2021.77783203125,14.036224882194182,,11.339303523916938,17.199278831942582,provisional image-derived estimate,Manual contour follows the published anatomical boundary; dashed/dotted gaps interpolated.,fig27marmoset,marmoset,species_summary,complete,,,, Scaled species-level summary drawing; geometry is illustrative and does not supply an independent specimen measurement.,False,schematic_tissue,1.705465201170211,Own panel scale bar.,,unlinked_or_summary
27,33,197,not reported,Callithrix jacchus,not assigned,5,60.00833275470999,../figures/fig27marmoset/rois.json,MST,1584.666748046875,11.001574201936094,,8.621511738941432,13.83371800651278,provisional image-derived estimate,Manual contour follows the published anatomical boundary; dashed/dotted gaps interpolated.,fig27marmoset,marmoset,species_summary,complete,,,, Scaled species-level summary drawing; geometry is illustrative and does not supply an independent specimen measurement.,False,schematic_tissue,1.3367413330129612,Own panel scale bar.,,unlinked_or_summary
27,33,197,not reported,Callithrix jacchus,not assigned,5,60.00833275470999,../figures/fig27marmoset/rois.json,FST,2388.333251953125,16.581041738080568,,12.990784656414014,20.750577009769174,provisional image-derived estimate,Manual contour follows the published anatomical boundary; dashed/dotted gaps interpolated.,fig27marmoset,marmoset,species_summary,complete,,,, Scaled species-level summary drawing; geometry is illustrative and does not supply an independent specimen measurement.,False,schematic_tissue,2.0146720304631285,Own panel scale bar.,,unlinked_or_summary
27,33,197,not reported,Callithrix jacchus,not assigned,5,60.00833275470999,../figures/fig27marmoset/rois.json,3b,2758.22216796875,19.149001443826368,,14.06359720311487,25.17112599681273,provisional image-derived estimate,Manual contour follows the published anatomical boundary; dashed/dotted gaps interpolated.,fig27marmoset,marmoset,species_summary,complete,,,, Scaled species-level summary drawing; geometry is illustrative and does not supply an independent specimen measurement.,False,schematic_tissue,2.3266908213356308,Own panel scale bar.,,unlinked_or_summary
27,33,197,not reported,Callithrix jacchus,not assigned,5,60.00833275470999,../figures/fig27marmoset/rois.json,3a,2108.666748046875,14.639452569056338,,10.533068640335687,19.56185795442973,provisional image-derived estimate,Manual contour follows the published anatomical boundary; dashed/dotted gaps interpolated.,fig27marmoset,marmoset,species_summary,complete,,,, Scaled species-level summary drawing; geometry is illustrative and does not supply an independent specimen measurement.,False,schematic_tissue,1.7787601103755262,Own panel scale bar.,,unlinked_or_summary
27,33,197,not reported,Callithrix jacchus,not assigned,5,60.00833275470999,../figures/fig27marmoset/rois.json,SII,408.1111145019531,2.8333179290610464,,1.788020911168095,4.101080740921082,provisional image-derived estimate,Manual contour follows the published anatomical boundary; dashed/dotted gaps interpolated.,fig27marmoset,marmoset,species_summary,complete,,,, Scaled species-level summary drawing; geometry is illustrative and does not supply an independent specimen measurement.,False,schematic_tissue,0.3442610226340212,Own panel scale bar.,,unlinked_or_summary
27,33,197,not reported,Callithrix jacchus,not assigned,5,60.00833275470999,../figures/fig27marmoset/rois.json,PV,663.6666259765625,4.607516148129426,,3.192430063212853,6.337358463778411,provisional image-derived estimate,Manual contour follows the published anatomical boundary; dashed/dotted gaps interpolated.,fig27marmoset,marmoset,species_summary,complete,,,, Scaled species-level summary drawing; geometry is illustrative and does not supply an independent specimen measurement.,False,schematic_tissue,0.5598341805162194,Own panel scale bar.,,unlinked_or_summary
27,33,197,not reported,Callithrix jacchus,not assigned,5,60.00833275470999,../figures/fig27marmoset/rois.json,AI,869.111083984375,6.033817578341953,,4.395280494362299,8.023853623541248,provisional image-derived estimate,Manual contour follows the published anatomical boundary; dashed/dotted gaps interpolated.,fig27marmoset,marmoset,species_summary,complete,,,, Scaled species-level summary drawing; geometry is illustrative and does not supply an independent specimen measurement.,False,schematic_tissue,0.7331362952958531,Own panel scale bar.,,unlinked_or_summary
27,33,197,not reported,Callithrix jacchus,not assigned,5,60.00833275470999,../figures/fig27marmoset/rois.json,FEF,402.5555419921875,2.7947482782018014,,1.8075265938353833,4.034215294058239,provisional image-derived estimate,Manual contour follows the published anatomical boundary; dashed/dotted gaps interpolated.,fig27marmoset,marmoset,species_summary,complete,,,, Scaled species-level summary drawing; geometry is illustrative and does not supply an independent specimen measurement.,False,schematic_tissue,0.33957463452654857,Own panel scale bar.,,unlinked_or_summary
27,33,197,not reported,Callithrix jacchus,not assigned,5,60.00833275470999,../figures/fig27marmoset/rois.json,FV,548.2222290039062,3.80604157875525,,2.574750112082057,5.312088278548141,provisional image-derived estimate,Manual contour follows the published anatomical boundary; dashed/dotted gaps interpolated.,fig27marmoset,marmoset,species_summary,complete,,,, Scaled species-level summary drawing; geometry is illustrative and does not supply an independent specimen measurement.,False,schematic_tissue,0.4624513728765015,Own panel scale bar.,,unlinked_or_summary
27,33,197,not reported,Callithrix jacchus,not assigned,5,60.00833275470999,../figures/fig27marmoset/rois.json,M (medial visual),,,,,,boundary not measurable,Schematic territory lacks a complete separable boundary.,fig27marmoset,marmoset,species_summary,unmeasured,,,, Scaled species-level summary drawing; geometry is illustrative and does not supply an independent specimen measurement.,False,schematic_tissue,,Own panel scale bar.,,unlinked_or_summary
27,33,197,not reported,Callithrix jacchus,not assigned,5,60.00833275470999,../figures/fig27marmoset/rois.json,M (motor),,,,,,boundary not measurable,Schematic territory lacks a complete separable boundary.,fig27marmoset,marmoset,species_summary,unmeasured,,,, Scaled species-level summary drawing; geometry is illustrative and does not supply an independent specimen measurement.,False,schematic_tissue,,Own panel scale bar.,,unlinked_or_summary
27,33,197,not reported,Callithrix jacchus,not assigned,5,60.00833275470999,../figures/fig27marmoset/rois.json,PP,,,,,,boundary not measurable,Schematic territory lacks a complete separable boundary.,fig27marmoset,marmoset,species_summary,unmeasured,,,, Scaled species-level summary drawing; geometry is illustrative and does not supply an independent specimen measurement.,False,schematic_tissue,,Own panel scale bar.,,unlinked_or_summary
27,33,197,not reported,Callithrix jacchus,not assigned,5,60.00833275470999,../figures/fig27marmoset/rois.json,IT,,,,,,boundary not measurable,Schematic territory lacks a complete separable boundary.,fig27marmoset,marmoset,species_summary,unmeasured,,,, Scaled species-level summary drawing; geometry is illustrative and does not supply an independent specimen measurement.,False,schematic_tissue,,Own panel scale bar.,,unlinked_or_summary
27,33,197,not reported,Aotus trivirgatus,not assigned,5,42.0,../figures/fig27owl/rois.json,Drawn schematic outline,117397.0,1663.7896825396824,,1479.8811983471073,1834.328125,provisional image-derived estimate,Schematic drawn tissue outline; not a measured experimental hemisphere.,fig27owl,owl,species_summary,schematic_outline,,,, Scaled species-level summary drawing; geometry is illustrative and does not supply an independent specimen measurement.,False,schematic_tissue,100.0,Own panel scale bar.,,unlinked_or_summary
27,33,197,not reported,Aotus trivirgatus,not assigned,5,42.0,../figures/fig27owl/rois.json,17,19812.66796875,280.79177960246597,,235.62758264462806,321.9375,provisional image-derived estimate,Manual contour follows the published anatomical boundary; dashed/dotted gaps interpolated.,fig27owl,owl,species_summary,complete,,,, Scaled species-level summary drawing; geometry is illustrative and does not supply an independent specimen measurement.,False,schematic_tissue,16.876639069780317,Own panel scale bar.,,unlinked_or_summary
27,33,197,not reported,Aotus trivirgatus,not assigned,5,42.0,../figures/fig27owl/rois.json,18,7152.6669921875,101.3699970548115,,77.04028925619834,131.171875,provisional image-derived estimate,Manual contour follows the published anatomical boundary; dashed/dotted gaps interpolated.,fig27owl,owl,species_summary,complete,,,, Scaled species-level summary drawing; geometry is illustrative and does not supply an independent specimen measurement.,False,schematic_tissue,6.092717013371296,Own panel scale bar.,,unlinked_or_summary
27,33,197,not reported,Aotus trivirgatus,not assigned,5,42.0,../figures/fig27owl/rois.json,DM,2364.5556640625,33.51127641811933,,25.80061983471074,43.046875,provisional image-derived estimate,Manual contour follows the published anatomical boundary; dashed/dotted gaps interpolated.,fig27owl,owl,species_summary,complete,,,, Scaled species-level summary drawing; geometry is illustrative and does not supply an independent specimen measurement.,False,schematic_tissue,2.01415339749951,Own panel scale bar.,,unlinked_or_summary
27,33,197,not reported,Aotus trivirgatus,not assigned,5,42.0,../figures/fig27owl/rois.json,DI,1994.333251953125,28.26436014672796,,19.71849173553719,38.84375,provisional image-derived estimate,Manual contour follows the published anatomical boundary; dashed/dotted gaps interpolated.,fig27owl,owl,species_summary,complete,,,, Scaled species-level summary drawing; geometry is illustrative and does not supply an independent specimen measurement.,False,schematic_tissue,1.698794050915377,Own panel scale bar.,,unlinked_or_summary
27,33,197,not reported,Aotus trivirgatus,not assigned,5,42.0,../figures/fig27owl/rois.json,DL,4739.3330078125,67.16741791117488,,53.58987603305785,83.953125,provisional image-derived estimate,Manual contour follows the published anatomical boundary; dashed/dotted gaps interpolated.,fig27owl,owl,species_summary,complete,,,, Scaled species-level summary drawing; geometry is illustrative and does not supply an independent specimen measurement.,False,schematic_tissue,4.037013729322299,Own panel scale bar.,,unlinked_or_summary
27,33,197,not reported,Aotus trivirgatus,not assigned,5,42.0,../figures/fig27owl/rois.json,MT,2248.4443359375,31.865707708864793,,25.167871900826444,40.0,provisional image-derived estimate,Manual contour follows the published anatomical boundary; dashed/dotted gaps interpolated.,fig27owl,owl,species_summary,complete,,,, Scaled species-level summary drawing; geometry is illustrative and does not supply an independent specimen measurement.,False,schematic_tissue,1.9152485463321038,Own panel scale bar.,,unlinked_or_summary
27,33,197,not reported,Aotus trivirgatus,not assigned,5,42.0,../figures/fig27owl/rois.json,MST,1319.5555419921875,18.70118398515005,,13.49431818181818,25.046875,provisional image-derived estimate,Manual contour follows the published anatomical boundary; dashed/dotted gaps interpolated.,fig27owl,owl,species_summary,complete,,,, Scaled species-level summary drawing; geometry is illustrative and does not supply an independent specimen measurement.,False,schematic_tissue,1.1240112967045048,Own panel scale bar.,,unlinked_or_summary
27,33,197,not reported,Aotus trivirgatus,not assigned,5,42.0,../figures/fig27owl/rois.json,FST,2814.444580078125,39.88725311902104,,31.262913223140494,50.34375,provisional image-derived estimate,Manual contour follows the published anatomical boundary; dashed/dotted gaps interpolated.,fig27owl,owl,species_summary,complete,,,, Scaled species-level summary drawing; geometry is illustrative and does not supply an independent specimen measurement.,False,schematic_tissue,2.397373510462895,Own panel scale bar.,,unlinked_or_summary
27,33,197,not reported,Aotus trivirgatus,not assigned,5,42.0,../figures/fig27owl/rois.json,3b,2566.666748046875,36.375662529009,,24.74173553719008,50.15625,provisional image-derived estimate,Manual contour follows the published anatomical boundary; dashed/dotted gaps interpolated.,fig27owl,owl,species_summary,complete,,,, Scaled species-level summary drawing; geometry is illustrative and does not supply an independent specimen measurement.,False,schematic_tissue,2.1863137457063426,Own panel scale bar.,,unlinked_or_summary
27,33,197,not reported,Aotus trivirgatus,not assigned,5,42.0,../figures/fig27owl/rois.json,SII,892.888916015625,12.654321372103528,,9.013429752066115,17.078125,provisional image-derived estimate,Manual contour follows the published anatomical boundary; dashed/dotted gaps interpolated.,fig27owl,owl,species_summary,complete,,,, Scaled species-level summary drawing; geometry is illustrative and does not supply an independent specimen measurement.,False,schematic_tissue,0.7605721747707564,Own panel scale bar.,,unlinked_or_summary
27,33,197,not reported,Aotus trivirgatus,not assigned,5,42.0,../figures/fig27owl/rois.json,PV,854.8888549804688,12.115771754258343,,8.354855371900825,16.8125,provisional image-derived estimate,Manual contour follows the published anatomical boundary; dashed/dotted gaps interpolated.,fig27owl,owl,species_summary,complete,,,, Scaled species-level summary drawing; geometry is illustrative and does not supply an independent specimen measurement.,False,schematic_tissue,0.7282033228962144,Own panel scale bar.,,unlinked_or_summary
27,33,197,not reported,Aotus trivirgatus,not assigned,5,42.0,../figures/fig27owl/rois.json,AI,1111.77783203125,15.75648854919572,,11.363636363636363,21.171875,provisional image-derived estimate,Manual contour follows the published anatomical boundary; dashed/dotted gaps interpolated.,fig27owl,owl,species_summary,complete,,,, Scaled species-level summary drawing; geometry is illustrative and does not supply an independent specimen measurement.,False,schematic_tissue,0.9470240568594172,Own panel scale bar.,,unlinked_or_summary
27,33,197,not reported,Aotus trivirgatus,not assigned,5,42.0,../figures/fig27owl/rois.json,FEF,557.1111450195312,7.895566114222381,,5.294421487603305,11.421875,provisional image-derived estimate,Manual contour follows the published anatomical boundary; dashed/dotted gaps interpolated.,fig27owl,owl,species_summary,complete,,,, Scaled species-level summary drawing; geometry is illustrative and does not supply an independent specimen measurement.,False,schematic_tissue,0.4745531359570783,Own panel scale bar.,,unlinked_or_summary
27,33,197,not reported,Aotus trivirgatus,not assigned,5,42.0,../figures/fig27owl/rois.json,FV,534.77783203125,7.5790509074723635,,4.9974173553719,11.03125,provisional image-derived estimate,Manual contour follows the published anatomical boundary; dashed/dotted gaps interpolated.,fig27owl,owl,species_summary,complete,,,, Scaled species-level summary drawing; geometry is illustrative and does not supply an independent specimen measurement.,False,schematic_tissue,0.4555293849342402,Own panel scale bar.,,unlinked_or_summary
27,33,197,not reported,Aotus trivirgatus,not assigned,5,42.0,../figures/fig27owl/rois.json,3a,,,,,,boundary not measurable,Open borders in schematic; cannot separate a complete field without imposing a closure.,fig27owl,owl,species_summary,unmeasured,,,, Scaled species-level summary drawing; geometry is illustrative and does not supply an independent specimen measurement.,False,schematic_tissue,,Own panel scale bar.,,unlinked_or_summary
27,33,197,not reported,Aotus trivirgatus,not assigned,5,42.0,../figures/fig27owl/rois.json,M (medial visual),,,,,,boundary not measurable,Open borders in schematic; cannot separate a complete field without imposing a closure.,fig27owl,owl,species_summary,unmeasured,,,, Scaled species-level summary drawing; geometry is illustrative and does not supply an independent specimen measurement.,False,schematic_tissue,,Own panel scale bar.,,unlinked_or_summary
27,33,197,not reported,Aotus trivirgatus,not assigned,5,42.0,../figures/fig27owl/rois.json,M (motor),,,,,,boundary not measurable,Open borders in schematic; cannot separate a complete field without imposing a closure.,fig27owl,owl,species_summary,unmeasured,,,, Scaled species-level summary drawing; geometry is illustrative and does not supply an independent specimen measurement.,False,schematic_tissue,,Own panel scale bar.,,unlinked_or_summary
27,33,197,not reported,Aotus trivirgatus,not assigned,5,42.0,../figures/fig27owl/rois.json,PM,,,,,,boundary not measurable,Open borders in schematic; cannot separate a complete field without imposing a closure.,fig27owl,owl,species_summary,unmeasured,,,, Scaled species-level summary drawing; geometry is illustrative and does not supply an independent specimen measurement.,False,schematic_tissue,,Own panel scale bar.,,unlinked_or_summary
27,33,197,not reported,Aotus trivirgatus,not assigned,5,42.0,../figures/fig27owl/rois.json,PP,,,,,,boundary not measurable,Open borders in schematic; cannot separate a complete field without imposing a closure.,fig27owl,owl,species_summary,unmeasured,,,, Scaled species-level summary drawing; geometry is illustrative and does not supply an independent specimen measurement.,False,schematic_tissue,,Own panel scale bar.,,unlinked_or_summary
27,33,197,not reported,Aotus trivirgatus,not assigned,5,42.0,../figures/fig27owl/rois.json,IT,,,,,,boundary not measurable,Open borders in schematic; cannot separate a complete field without imposing a closure.,fig27owl,owl,species_summary,unmeasured,,,, Scaled species-level summary drawing; geometry is illustrative and does not supply an independent specimen measurement.,False,schematic_tissue,,Own panel scale bar.,,unlinked_or_summary
27,33,197,not reported,Saimiri sciureus,not assigned,5,36.0,../figures/fig27squirrel/rois.json,Drawn schematic outline,119297.0,2301.2538580246915,,2003.4972299168971,2579.952422145329,provisional image-derived estimate,Schematic drawn tissue outline; not a measured experimental hemisphere.,fig27squirrel,squirrel,species_summary,schematic_outline,,,, Scaled species-level summary drawing; geometry is illustrative and does not supply an independent specimen measurement.,False,schematic_tissue,100.0,Own panel scale bar.,,unlinked_or_summary
27,33,197,not reported,Saimiri sciureus,not assigned,5,36.0,../figures/fig27squirrel/rois.json,17,20036.0,386.49691358024694,,319.8580332409972,450.99480968858137,provisional image-derived estimate,Manual contour follows the published anatomical boundary; dashed/dotted gaps interpolated.,fig27squirrel,squirrel,species_summary,complete,,,, Scaled species-level summary drawing; geometry is illustrative and does not supply an independent specimen measurement.,False,schematic_tissue,16.795057713102594,Own panel scale bar.,,unlinked_or_summary
27,33,197,not reported,Saimiri sciureus,not assigned,5,36.0,../figures/fig27squirrel/rois.json,18,9160.888671875,176.71467345437887,,134.50484764542935,228.61159169550174,provisional image-derived estimate,Manual contour follows the published anatomical boundary; dashed/dotted gaps interpolated.,fig27squirrel,squirrel,species_summary,complete,,,, Scaled species-level summary drawing; geometry is illustrative and does not supply an independent specimen measurement.,False,schematic_tissue,7.679060388672808,Own panel scale bar.,,unlinked_or_summary
27,33,197,not reported,Saimiri sciureus,not assigned,5,36.0,../figures/fig27squirrel/rois.json,DM,1893.4443359375,36.52477499879437,,26.056094182825483,49.87024221453287,provisional image-derived estimate,Manual contour follows the published anatomical boundary; dashed/dotted gaps interpolated.,fig27squirrel,squirrel,species_summary,complete,,,, Scaled species-level summary drawing; geometry is illustrative and does not supply an independent specimen measurement.,False,schematic_tissue,1.587168441735752,Own panel scale bar.,,unlinked_or_summary
27,33,197,not reported,Saimiri sciureus,not assigned,5,36.0,../figures/fig27squirrel/rois.json,DI,1304.888916015625,25.17146828733845,,16.499307479224374,36.28892733564014,provisional image-derived estimate,Manual contour follows the published anatomical boundary; dashed/dotted gaps interpolated.,fig27squirrel,squirrel,species_summary,complete,,,, Scaled species-level summary drawing; geometry is illustrative and does not supply an independent specimen measurement.,False,schematic_tissue,1.0938153650264675,Own panel scale bar.,,unlinked_or_summary
27,33,197,not reported,Saimiri sciureus,not assigned,5,36.0,../figures/fig27squirrel/rois.json,DL,3214.66650390625,62.01131373275946,,49.20360110803323,78.2006920415225,provisional image-derived estimate,Manual contour follows the published anatomical boundary; dashed/dotted gaps interpolated.,fig27squirrel,squirrel,species_summary,complete,,,, Scaled species-level summary drawing; geometry is illustrative and does not supply an independent specimen measurement.,False,schematic_tissue,2.694675057969815,Own panel scale bar.,,unlinked_or_summary
27,33,197,not reported,Saimiri sciureus,not assigned,5,36.0,../figures/fig27squirrel/rois.json,MT,814.5555419921875,15.71287696744189,,10.90720221606648,21.907439446366784,provisional image-derived estimate,MT ellipse partially hidden by thick connection arrows; envelope interpolated.,fig27squirrel,squirrel,species_summary,complete,,,, Scaled species-level summary drawing; geometry is illustrative and does not supply an independent specimen measurement.,False,schematic_tissue,0.6827963335139924,Own panel scale bar.,,unlinked_or_summary
27,33,197,not reported,Saimiri sciureus,not assigned,5,36.0,../figures/fig27squirrel/rois.json,MST,895.22216796875,17.268946141372496,,12.257617728531855,23.745674740484432,provisional image-derived estimate,Manual contour follows the published anatomical boundary; dashed/dotted gaps interpolated.,fig27squirrel,squirrel,species_summary,complete,,,, Scaled species-level summary drawing; geometry is illustrative and does not supply an independent specimen measurement.,False,schematic_tissue,0.7504146524797355,Own panel scale bar.,,unlinked_or_summary
27,33,197,not reported,Saimiri sciureus,not assigned,5,36.0,../figures/fig27squirrel/rois.json,FST,2253.4443359375,43.46921944323882,,33.189058171745145,56.70415224913495,provisional image-derived estimate,Manual contour follows the published anatomical boundary; dashed/dotted gaps interpolated.,fig27squirrel,squirrel,species_summary,complete,,,, Scaled species-level summary drawing; geometry is illustrative and does not supply an independent specimen measurement.,False,schematic_tissue,1.8889362984295497,Own panel scale bar.,,unlinked_or_summary
27,33,197,not reported,Saimiri sciureus,not assigned,5,36.0,../figures/fig27squirrel/rois.json,2,911.5555419921875,17.584018942750532,,11.478531855955676,25.367647058823533,provisional image-derived estimate,Manual contour follows the published anatomical boundary; dashed/dotted gaps interpolated.,fig27squirrel,squirrel,species_summary,complete,,,, Scaled species-level summary drawing; geometry is illustrative and does not supply an independent specimen measurement.,False,schematic_tissue,0.7641060060120435,Own panel scale bar.,,unlinked_or_summary
27,33,197,not reported,Saimiri sciureus,not assigned,5,36.0,../figures/fig27squirrel/rois.json,1,820.666748046875,15.830762886706696,,8.56994459833795,25.30276816608997,provisional image-derived estimate,Manual contour follows the published anatomical boundary; dashed/dotted gaps interpolated.,fig27squirrel,squirrel,species_summary,complete,,,, Scaled species-level summary drawing; geometry is illustrative and does not supply an independent specimen measurement.,False,schematic_tissue,0.6879190156054846,Own panel scale bar.,,unlinked_or_summary
27,33,197,not reported,Saimiri sciureus,not assigned,5,36.0,../figures/fig27squirrel/rois.json,3b,1499.0,28.9158950617284,,18.66343490304709,41.78200692041523,provisional image-derived estimate,Manual contour follows the published anatomical boundary; dashed/dotted gaps interpolated.,fig27squirrel,squirrel,species_summary,complete,,,, Scaled species-level summary drawing; geometry is illustrative and does not supply an independent specimen measurement.,False,schematic_tissue,1.2565278255111194,Own panel scale bar.,,unlinked_or_summary
27,33,197,not reported,Saimiri sciureus,not assigned,5,36.0,../figures/fig27squirrel/rois.json,3a,1109.2222900390625,21.39703491587698,,13.43490304709141,32.1583044982699,provisional image-derived estimate,Manual contour follows the published anatomical boundary; dashed/dotted gaps interpolated.,fig27squirrel,squirrel,species_summary,complete,,,, Scaled species-level summary drawing; geometry is illustrative and does not supply an independent specimen measurement.,False,schematic_tissue,0.9297989807279835,Own panel scale bar.,,unlinked_or_summary
27,33,197,not reported,Saimiri sciureus,not assigned,5,36.0,../figures/fig27squirrel/rois.json,SII,375.4444580078125,7.24236994613836,,4.4667590027700825,11.180795847750867,provisional image-derived estimate,Manual contour follows the published anatomical boundary; dashed/dotted gaps interpolated.,fig27squirrel,squirrel,species_summary,complete,,,, Scaled species-level summary drawing; geometry is illustrative and does not supply an independent specimen measurement.,False,schematic_tissue,0.3147140816682838,Own panel scale bar.,,unlinked_or_summary
27,33,197,not reported,Saimiri sciureus,not assigned,5,36.0,../figures/fig27squirrel/rois.json,PV,493.888916015625,9.527178163881656,,5.972991689750692,14.403114186851212,provisional image-derived estimate,Manual contour follows the published anatomical boundary; dashed/dotted gaps interpolated.,fig27squirrel,squirrel,species_summary,complete,,,, Scaled species-level summary drawing; geometry is illustrative and does not supply an independent specimen measurement.,False,schematic_tissue,0.41399944341905076,Own panel scale bar.,,unlinked_or_summary
27,33,197,not reported,Saimiri sciureus,not assigned,5,36.0,../figures/fig27squirrel/rois.json,AI,324.22222900390625,6.2542868249210315,,3.514542936288088,9.991349480968859,provisional image-derived estimate,Manual contour follows the published anatomical boundary; dashed/dotted gaps interpolated.,fig27squirrel,squirrel,species_summary,complete,,,, Scaled species-level summary drawing; geometry is illustrative and does not supply an independent specimen measurement.,False,schematic_tissue,0.2717773531638736,Own panel scale bar.,,unlinked_or_summary
27,33,197,not reported,Saimiri sciureus,not assigned,5,36.0,../figures/fig27squirrel/rois.json,FEF,501.3333435058594,9.6707820892334,,6.146121883656509,14.403114186851212,provisional image-derived estimate,Manual contour follows the published anatomical boundary; dashed/dotted gaps interpolated.,fig27squirrel,squirrel,species_summary,complete,,,, Scaled species-level summary drawing; geometry is illustrative and does not supply an independent specimen measurement.,False,schematic_tissue,0.42023969044138526,Own panel scale bar.,,unlinked_or_summary
27,33,197,not reported,Saimiri sciureus,not assigned,5,36.0,../figures/fig27squirrel/rois.json,FV,384.5555419921875,7.418123881022137,,4.484072022160664,11.33217993079585,provisional image-derived estimate,Manual contour follows the published anatomical boundary; dashed/dotted gaps interpolated.,fig27squirrel,squirrel,species_summary,complete,,,, Scaled species-level summary drawing; geometry is illustrative and does not supply an independent specimen measurement.,False,schematic_tissue,0.3223513935741783,Own panel scale bar.,,unlinked_or_summary
27,33,197,not reported,Saimiri sciureus,not assigned,5,36.0,../figures/fig27squirrel/rois.json,M (medial visual),,,,,,boundary not measurable,Named schematic territory without a complete separable boundary; white arrows are not borders.,fig27squirrel,squirrel,species_summary,unmeasured,,,, Scaled species-level summary drawing; geometry is illustrative and does not supply an independent specimen measurement.,False,schematic_tissue,,Own panel scale bar.,,unlinked_or_summary
27,33,197,not reported,Saimiri sciureus,not assigned,5,36.0,../figures/fig27squirrel/rois.json,M (motor),,,,,,boundary not measurable,Named schematic territory without a complete separable boundary; white arrows are not borders.,fig27squirrel,squirrel,species_summary,unmeasured,,,, Scaled species-level summary drawing; geometry is illustrative and does not supply an independent specimen measurement.,False,schematic_tissue,,Own panel scale bar.,,unlinked_or_summary
27,33,197,not reported,Saimiri sciureus,not assigned,5,36.0,../figures/fig27squirrel/rois.json,PM,,,,,,boundary not measurable,Named schematic territory without a complete separable boundary; white arrows are not borders.,fig27squirrel,squirrel,species_summary,unmeasured,,,, Scaled species-level summary drawing; geometry is illustrative and does not supply an independent specimen measurement.,False,schematic_tissue,,Own panel scale bar.,,unlinked_or_summary
27,33,197,not reported,Saimiri sciureus,not assigned,5,36.0,../figures/fig27squirrel/rois.json,PP,,,,,,boundary not measurable,Named schematic territory without a complete separable boundary; white arrows are not borders.,fig27squirrel,squirrel,species_summary,unmeasured,,,, Scaled species-level summary drawing; geometry is illustrative and does not supply an independent specimen measurement.,False,schematic_tissue,,Own panel scale bar.,,unlinked_or_summary
27,33,197,not reported,Saimiri sciureus,not assigned,5,36.0,../figures/fig27squirrel/rois.json,IT,,,,,,boundary not measurable,Named schematic territory without a complete separable boundary; white arrows are not borders.,fig27squirrel,squirrel,species_summary,unmeasured,,,, Scaled species-level summary drawing; geometry is illustrative and does not supply an independent specimen measurement.,False,schematic_tissue,,Own panel scale bar.,,unlinked_or_summary
28,34,198,not applicable,macaque (species not specified),not assigned,5,19.0,../figures/fig28/rois.json,Drawn schematic outline,96183.0,6660.872576177285,,5300.396825396825,8320.328719723184,provisional image-derived estimate,Schematic drawn tissue outline; not a measured experimental hemisphere.,fig28,,literature_summary,schematic_outline,,,,Adapted by the paper from Van Essen (1985) and Ungerleider & Desimone (1986); not an experimental case from this paper. Scaled species-level summary drawing; geometry is illustrative and does not supply an independent specimen measurement.,False,schematic_tissue,100.0,Own panel scale bar.,,unlinked_or_summary
28,34,198,not applicable,macaque (species not specified),not assigned,5,19.0,../figures/fig28/rois.json,17,15692.111328125,1086.7113108119804,,845.5215419501134,1371.6262975778548,provisional image-derived estimate,Manual contour follows the published anatomical boundary; dashed/dotted gaps interpolated.,fig28,,literature_summary,complete,,,,Adapted by the paper from Van Essen (1985) and Ungerleider & Desimone (1986); not an experimental case from this paper. Scaled species-level summary drawing; geometry is illustrative and does not supply an independent specimen measurement.,False,schematic_tissue,16.31484911899712,Own panel scale bar.,,unlinked_or_summary
28,34,198,not applicable,macaque (species not specified),not assigned,5,19.0,../figures/fig28/rois.json,18,14662.4443359375,1015.4047324056439,,748.2993197278911,1344.6366782006921,provisional image-derived estimate,Manual contour follows the published anatomical boundary; dashed/dotted gaps interpolated.,fig28,,literature_summary,complete,,,,Adapted by the paper from Van Essen (1985) and Ungerleider & Desimone (1986); not an experimental case from this paper. Scaled species-level summary drawing; geometry is illustrative and does not supply an independent specimen measurement.,False,schematic_tissue,15.244320031541436,Own panel scale bar.,,unlinked_or_summary
28,34,198,not applicable,macaque (species not specified),not assigned,5,19.0,../figures/fig28/rois.json,V3,1054.3333740234375,73.01477659442087,,37.131519274376416,128.28719723183391,provisional image-derived estimate,Manual contour follows the published anatomical boundary; dashed/dotted gaps interpolated.,fig28,,literature_summary,complete,,,,Adapted by the paper from Van Essen (1985) and Ungerleider & Desimone (1986); not an experimental case from this paper. Scaled species-level summary drawing; geometry is illustrative and does not supply an independent specimen measurement.,False,schematic_tissue,1.096174348921782,Own panel scale bar.,,unlinked_or_summary
28,34,198,not applicable,macaque (species not specified),not assigned,5,19.0,../figures/fig28/rois.json,V3a,1236.4443359375,85.62633905384348,,47.67573696145124,142.9930795847751,provisional image-derived estimate,Manual contour follows the published anatomical boundary; dashed/dotted gaps interpolated.,fig28,,literature_summary,complete,,,,Adapted by the paper from Van Essen (1985) and Ungerleider & Desimone (1986); not an experimental case from this paper. Scaled species-level summary drawing; geometry is illustrative and does not supply an independent specimen measurement.,False,schematic_tissue,1.2855123420328955,Own panel scale bar.,,unlinked_or_summary
28,34,198,not applicable,macaque (species not specified),not assigned,5,19.0,../figures/fig28/rois.json,DL/V4,3463.444580078125,239.8507326923909,,172.05215419501133,337.4567474048443,provisional image-derived estimate,Manual contour follows the published anatomical boundary; dashed/dotted gaps interpolated.,fig28,,literature_summary,complete,,,,Adapted by the paper from Van Essen (1985) and Ungerleider & Desimone (1986); not an experimental case from this paper. Scaled species-level summary drawing; geometry is illustrative and does not supply an independent specimen measurement.,False,schematic_tissue,3.600890573259438,Own panel scale bar.,,unlinked_or_summary
28,34,198,not applicable,macaque (species not specified),not assigned,5,19.0,../figures/fig28/rois.json,MT,1319.666748046875,91.38966399216585,,61.848072562358276,134.77508650519033,provisional image-derived estimate,Outer MT shape interpolated under connection arrows; schematic geometry only.,fig28,,literature_summary,complete,,,,Adapted by the paper from Van Essen (1985) and Ungerleider & Desimone (1986); not an experimental case from this paper. Scaled species-level summary drawing; geometry is illustrative and does not supply an independent specimen measurement.,False,schematic_tissue,1.3720374162241509,Own panel scale bar.,,unlinked_or_summary
28,34,198,not applicable,macaque (species not specified),not assigned,5,19.0,../figures/fig28/rois.json,MST,890.77783203125,61.68821551462949,,36.96145124716553,99.30795847750866,provisional image-derived estimate,Manual contour follows the published anatomical boundary; dashed/dotted gaps interpolated.,fig28,,literature_summary,complete,,,,Adapted by the paper from Van Essen (1985) and Ungerleider & Desimone (1986); not an experimental case from this paper. Scaled species-level summary drawing; geometry is illustrative and does not supply an independent specimen measurement.,False,schematic_tissue,0.9261281432594637,Own panel scale bar.,,unlinked_or_summary
28,34,198,not applicable,macaque (species not specified),not assigned,5,19.0,../figures/fig28/rois.json,FST,539.0,37.32686980609418,,21.201814058956913,61.76470588235295,provisional image-derived estimate,Manual contour follows the published anatomical boundary; dashed/dotted gaps interpolated.,fig28,,literature_summary,complete,,,,Adapted by the paper from Van Essen (1985) and Ungerleider & Desimone (1986); not an experimental case from this paper. Scaled species-level summary drawing; geometry is illustrative and does not supply an independent specimen measurement.,False,schematic_tissue,0.5603900897247954,Own panel scale bar.,,unlinked_or_summary
28,34,198,not applicable,macaque (species not specified),not assigned,5,19.0,../figures/fig28/rois.json,2,1076.8887939453125,74.5767862843014,,38.378684807256235,130.19031141868513,provisional image-derived estimate,Manual contour follows the published anatomical boundary; dashed/dotted gaps interpolated.,fig28,,literature_summary,complete,,,,Adapted by the paper from Van Essen (1985) and Ungerleider & Desimone (1986); not an experimental case from this paper. Scaled species-level summary drawing; geometry is illustrative and does not supply an independent specimen measurement.,False,schematic_tissue,1.1196248754408913,Own panel scale bar.,,unlinked_or_summary
28,34,198,not applicable,macaque (species not specified),not assigned,5,19.0,../figures/fig28/rois.json,1,1549.77783203125,107.3253346282029,,60.26077097505669,175.0,provisional image-derived estimate,Manual contour follows the published anatomical boundary; dashed/dotted gaps interpolated.,fig28,,literature_summary,complete,,,,Adapted by the paper from Van Essen (1985) and Ungerleider & Desimone (1986); not an experimental case from this paper. Scaled species-level summary drawing; geometry is illustrative and does not supply an independent specimen measurement.,False,schematic_tissue,1.6112804050936755,Own panel scale bar.,,unlinked_or_summary
28,34,198,not applicable,macaque (species not specified),not assigned,5,19.0,../figures/fig28/rois.json,3b,1174.77783203125,81.35580554233032,,42.91383219954648,139.2733564013841,provisional image-derived estimate,Manual contour follows the published anatomical boundary; dashed/dotted gaps interpolated.,fig28,,literature_summary,complete,,,,Adapted by the paper from Van Essen (1985) and Ungerleider & Desimone (1986); not an experimental case from this paper. Scaled species-level summary drawing; geometry is illustrative and does not supply an independent specimen measurement.,False,schematic_tissue,1.2213986172517493,Own panel scale bar.,,unlinked_or_summary
28,34,198,not applicable,macaque (species not specified),not assigned,5,19.0,../figures/fig28/rois.json,3a,1251.888916015625,86.69590831133137,,48.63945578231292,144.03114186851212,provisional image-derived estimate,Manual contour follows the published anatomical boundary; dashed/dotted gaps interpolated.,fig28,,literature_summary,complete,,,,Adapted by the paper from Van Essen (1985) and Ungerleider & Desimone (1986); not an experimental case from this paper. Scaled species-level summary drawing; geometry is illustrative and does not supply an independent specimen measurement.,False,schematic_tissue,1.301569836681768,Own panel scale bar.,,unlinked_or_summary
28,34,198,not applicable,macaque (species not specified),not assigned,5,19.0,../figures/fig28/rois.json,SII,557.7777709960938,38.62726945956327,,21.428571428571427,64.96539792387544,provisional image-derived estimate,Manual contour follows the published anatomical boundary; dashed/dotted gaps interpolated.,fig28,,literature_summary,complete,,,,Adapted by the paper from Van Essen (1985) and Ungerleider & Desimone (1986); not an experimental case from this paper. Scaled species-level summary drawing; geometry is illustrative and does not supply an independent specimen measurement.,False,schematic_tissue,0.5799130521985109,Own panel scale bar.,,unlinked_or_summary
28,34,198,not applicable,macaque (species not specified),not assigned,5,19.0,../figures/fig28/rois.json,AI,368.5555725097656,25.52323909347407,,14.058956916099772,44.37716262975779,provisional image-derived estimate,Manual contour follows the published anatomical boundary; dashed/dotted gaps interpolated.,fig28,,literature_summary,complete,,,,Adapted by the paper from Van Essen (1985) and Ungerleider & Desimone (1986); not an experimental case from this paper. Scaled species-level summary drawing; geometry is illustrative and does not supply an independent specimen measurement.,False,schematic_tissue,0.3831816147445657,Own panel scale bar.,,unlinked_or_summary
28,34,198,not applicable,macaque (species not specified),not assigned,5,19.0,../figures/fig28/rois.json,M (motor),2351.888916015625,162.87319362989092,,111.5079365079365,239.44636678200695,provisional image-derived estimate,Closed motor field drawn in the adapted schematic; medial boundary shared with 3a.,fig28,,literature_summary,complete,,,,Adapted by the paper from Van Essen (1985) and Ungerleider & Desimone (1986); not an experimental case from this paper. Scaled species-level summary drawing; geometry is illustrative and does not supply an independent specimen measurement.,False,schematic_tissue,2.4452230810180855,Own panel scale bar.,,unlinked_or_summary
28,34,198,not applicable,macaque (species not specified),not assigned,5,19.0,../figures/fig28/rois.json,FEF,772.4444580078125,53.493383518546565,,30.4421768707483,88.49480968858133,provisional image-derived estimate,Manual contour follows the published anatomical boundary; dashed/dotted gaps interpolated.,fig28,,literature_summary,complete,,,,Adapted by the paper from Van Essen (1985) and Ungerleider & Desimone (1986); not an experimental case from this paper. Scaled species-level summary drawing; geometry is illustrative and does not supply an independent specimen measurement.,False,schematic_tissue,0.80309873679113,Own panel scale bar.,,unlinked_or_summary
28,34,198,not applicable,macaque (species not specified),not assigned,5,19.0,../figures/fig28/rois.json,M/PO,,,,,,boundary not measurable,Territory has open schematic boundaries; no closed areal ROI.,fig28,,literature_summary,unmeasured,,,,Adapted by the paper from Van Essen (1985) and Ungerleider & Desimone (1986); not an experimental case from this paper. Scaled species-level summary drawing; geometry is illustrative and does not supply an independent specimen measurement.,False,schematic_tissue,,Own panel scale bar.,,unlinked_or_summary
28,34,198,not applicable,macaque (species not specified),not assigned,5,19.0,../figures/fig28/rois.json,PM,,,,,,boundary not measurable,Territory has open schematic boundaries; no closed areal ROI.,fig28,,literature_summary,unmeasured,,,,Adapted by the paper from Van Essen (1985) and Ungerleider & Desimone (1986); not an experimental case from this paper. Scaled species-level summary drawing; geometry is illustrative and does not supply an independent specimen measurement.,False,schematic_tissue,,Own panel scale bar.,,unlinked_or_summary
28,34,198,not applicable,macaque (species not specified),not assigned,5,19.0,../figures/fig28/rois.json,PP,,,,,,boundary not measurable,Territory has open schematic boundaries; no closed areal ROI.,fig28,,literature_summary,unmeasured,,,,Adapted by the paper from Van Essen (1985) and Ungerleider & Desimone (1986); not an experimental case from this paper. Scaled species-level summary drawing; geometry is illustrative and does not supply an independent specimen measurement.,False,schematic_tissue,,Own panel scale bar.,,unlinked_or_summary
28,34,198,not applicable,macaque (species not specified),not assigned,5,19.0,../figures/fig28/rois.json,IT,,,,,,boundary not measurable,Territory has open schematic boundaries; no closed areal ROI.,fig28,,literature_summary,unmeasured,,,,Adapted by the paper from Van Essen (1985) and Ungerleider & Desimone (1986); not an experimental case from this paper. Scaled species-level summary drawing; geometry is illustrative and does not supply an independent specimen measurement.,False,schematic_tissue,,Own panel scale bar.,,unlinked_or_summary
